video:0
video:1 total:95.833%±0.0%	common:57.143%±0.0%	private:87.5%±0.0%	middle:95.0%±0.0%	
[[0.9583333333333334]]
[[0.5714285714285714]]
[[0.875]]
[[0.9500000000000001]]
video:1
video:2 total:89.144%±0.013%	common:80.0%±5.0%	private:85.514%±0.199%	middle:86.167%±0.0%	
[[0.8913107263107263], [0.8915674603174603]]
[[0.85], [0.75]]
[[0.8531507381507382], [0.8571374458874459]]
[[0.8616666666666667], [0.8616666666666667]]
video:2
video:3 total:86.13%±0.392%	common:64.78%±11.356%	private:85.61%±0.277%	middle:79.776%±0.0%	
[[0.8597208535525248], [0.8666895108378307], [0.8574778036161632]]
[[0.7547169811320755], [0.6981132075471698], [0.49056603773584906]]
[[0.8538540124449117], [0.8599928759832656], [0.8544443805363339]]
[[0.7977585173063759], [0.7977585173063759], [0.7977585173063759]]
video:3
video:4 total:78.846%±0.587%	common:62.626%±12.309%	private:78.168%±0.637%	middle:77.397%±0.0%	
[[0.7789964041972981], [0.795035453341379], [0.7893269119650625], [0.7904903797933373]]
[[0.7777777777777778], [0.7070707070707071], [0.5555555555555556], [0.46464646464646464]]
[[0.7855647198233974], [0.7753579996634399], [0.77568450980245], [0.7901149665320891]]
[[0.7739732010351508], [0.7739732010351508], [0.7739732010351508], [0.7739732010351508]]
video:4
video:5 total:74.743%±0.631%	common:60.23%±11.594%	private:71.609%±0.495%	middle:75.261%±0.0%	
[[0.7530814168151142], [0.7549817759741279], [0.7487615453464531], [0.7389940819263132], [0.7413183113688723]]
[[0.7988505747126436], [0.6666666666666666], [0.5402298850574713], [0.4827586206896552], [0.5229885057471264]]
[[0.7121225088885416], [0.7171224956295394], [0.7165245361368858], [0.7245041504530304], [0.7102008780842523]]
[[0.7526137538393537], [0.7526137538393537], [0.7526137538393537], [0.7526137538393537], [0.7526137538393537]]
video:5
video:6 total:71.885%±0.502%	common:57.246%±11.7%	private:68.628%±0.887%	middle:69.562%±0.0%	
[[0.7222202849107797], [0.7143755447475798], [0.7185314555626944], [0.7112929623343583], [0.7266618713813607], [0.7200192577093535]]
[[0.7763975155279503], [0.639751552795031], [0.6086956521739131], [0.4409937888198758], [0.453416149068323], [0.515527950310559]]
[[0.6863410122840625], [0.6929916882739738], [0.6711654111733765], [0.687701174193695], [0.6990143025537843], [0.6804431938766453]]
[[0.6956152109305712], [0.6956152109305712], [0.6956152109305712], [0.6956152109305712], [0.6956152109305712], [0.6956152109305712]]
video:6
video:7 total:70.133%±0.77%	common:56.91%±11.317%	private:66.75%±0.695%	middle:68.503%±0.0%	
[[0.7097586504582408], [0.7101493734390175], [0.7038250331240874], [0.705408028456435], [0.6992635849075038], [0.6893132735591748], [0.6916109784862013]]
[[0.7934782608695652], [0.6630434782608695], [0.5489130434782609], [0.5434782608695652], [0.4945652173913043], [0.5163043478260869], [0.42391304347826086]]
[[0.6606687003025589], [0.6673763353098177], [0.6792139194824954], [0.6640286764096276], [0.6688453613783915], [0.6578965371950055], [0.6744450357478741]]
[[0.6850337251335192], [0.6850337251335192], [0.6850337251335192], [0.6850337251335192], [0.6850337251335192], [0.6850337251335192], [0.6850337251335192]]
video:7
video:8 total:71.189%±0.629%	common:56.592%±13.803%	private:67.326%±0.626%	middle:70.586%±0.0%	
[[0.7221345602575182], [0.7154915255504305], [0.7118175780038979], [0.7147236177517247], [0.7036086697359906], [0.7075733891141052], [0.7029754525871257], [0.7167786938293299]]
[[0.8706467661691543], [0.6865671641791045], [0.582089552238806], [0.5373134328358209], [0.4577114427860697], [0.48756218905472637], [0.46766169154228854], [0.43781094527363185]]
[[0.6766165659354318], [0.6703414477200966], [0.6629962841217819], [0.6648156137308276], [0.6770418636060532], [0.6740605959929833], [0.6780508001035582], [0.6821362409719249]]
[[0.7058601991611856], [0.7058601991611856], [0.7058601991611856], [0.7058601991611856], [0.7058601991611856], [0.7058601991611856], [0.7058601991611856], [0.7058601991611856]]
video:8
video:9 total:68.614%±0.499%	common:55.056%±11.477%	private:66.617%±0.425%	middle:67.276%±0.0%	
[[0.6957371740740194], [0.689072577383678], [0.6914290461482794], [0.688384277463098], [0.6829150034211522], [0.6844923046013752], [0.681253734459322], [0.6805203172783094], [0.6814493848052257]]
[[0.8089887640449438], [0.6573033707865169], [0.6067415730337079], [0.5449438202247191], [0.4606741573033708], [0.5056179775280899], [0.4550561797752809], [0.43820224719101125], [0.47752808988764045]]
[[0.6671698453742326], [0.6721213858496675], [0.6644216373556134], [0.6660125560860638], [0.656825124075342], [0.6659062663763065], [0.665715676934822], [0.6720595561346124], [0.6652583032717722]]
[[0.6727555027714912], [0.6727555027714912], [0.6727555027714912], [0.6727555027714912], [0.6727555027714912], [0.6727555027714912], [0.6727555027714912], [0.6727555027714912], [0.6727555027714912]]
video:9
video:10 total:67.5%±0.413%	common:56.211%±10.884%	private:65.617%±0.639%	middle:67.632%±0.0%	
[[0.6819981491973015], [0.6752732289949632], [0.6714166947844197], [0.6815875393202746], [0.6754242128952971], [0.66971671404735], [0.6714023718483544], [0.6742217367018425], [0.6710683219460734], [0.677851123826852]]
[[0.8074534161490683], [0.7018633540372671], [0.6335403726708074], [0.5279503105590062], [0.515527950310559], [0.4720496894409938], [0.4782608695652174], [0.4658385093167702], [0.4968944099378882], [0.5217391304347826]]
[[0.6552587657971078], [0.6592794110344533], [0.6566241346955033], [0.67121430208842], [0.6566455472704069], [0.6461551579815189], [0.6512336550338901], [0.653131176178735], [0.6517791254240543], [0.6603524395652013]]
[[0.6763153869815538], [0.6763153869815538], [0.6763153869815538], [0.6763153869815538], [0.6763153869815538], [0.6763153869815538], [0.6763153869815538], [0.6763153869815538], [0.6763153869815538], [0.6763153869815538]]
video:10
video:11 total:70.401%±0.347%	common:56.6%±12.198%	private:67.8%±0.488%	middle:68.428%±0.0%	
[[0.7072568447182476], [0.7019879699273063], [0.7030169811653214], [0.702794173235194], [0.7067034870190806], [0.7046648020033043], [0.7071380850700507], [0.6966241522277218], [0.709576682829063], [0.7038594511899282], [0.7005312252939139]]
[[0.8767123287671232], [0.7123287671232876], [0.6301369863013698], [0.5547945205479452], [0.4726027397260274], [0.4589041095890411], [0.5068493150684932], [0.4794520547945205], [0.4931506849315068], [0.5], [0.541095890410959]]
[[0.6743353147763965], [0.6807401000790688], [0.679737721758161], [0.6799072673259073], [0.6809645048422256], [0.6835772319693322], [0.680547331643633], [0.6677446261050397], [0.6784524221100265], [0.6821457013034493], [0.6698862460761906]]
[[0.6842783393224905], [0.6842783393224905], [0.6842783393224905], [0.6842783393224905], [0.6842783393224905], [0.6842783393224905], [0.6842783393224905], [0.6842783393224905], [0.6842783393224905], [0.6842783393224905], [0.6842783393224905]]
video:11
video:12 total:64.177%±0.375%	common:55.72%±11.774%	private:62.953%±0.513%	middle:64.155%±0.0%	
[[0.6454827707730526], [0.6481439226306938], [0.6410726810077426], [0.6401752210396957], [0.6426942279725975], [0.6424489970234001], [0.6430748327285496], [0.6383872447490596], [0.6402142272621818], [0.6331100477442393], [0.6404461107540574], [0.6459903063436073]]
[[0.8559322033898306], [0.7203389830508474], [0.5847457627118644], [0.5508474576271186], [0.5], [0.5254237288135594], [0.4745762711864407], [0.4067796610169492], [0.5084745762711864], [0.4576271186440678], [0.5932203389830508], [0.5084745762711864]]
[[0.6326433570142663], [0.6272698197313863], [0.6289980486516196], [0.6243331713728317], [0.6388754966010244], [0.621462047796418], [0.6308790835394286], [0.6392194683795537], [0.6305070573536055], [0.6266716216816174], [0.6274778987217813], [0.6260144148391867]]
[[0.6415525669938736], [0.6415525669938736], [0.6415525669938736], [0.6415525669938736], [0.6415525669938736], [0.6415525669938736], [0.6415525669938736], [0.6415525669938736], [0.6415525669938736], [0.6415525669938736], [0.6415525669938736], [0.6415525669938736]]
video:12
video:13 total:69.528%±0.754%	common:58.892%±11.2%	private:66.809%±0.638%	middle:69.417%±0.0%	
[[0.7028780098495734], [0.7032676622239343], [0.7035196275433919], [0.7042776740933901], [0.6921161237398811], [0.6908826511582181], [0.688970566435857], [0.6787904455713129], [0.6951542433809963], [0.6968446329146015], [0.7029360416099051], [0.689375625572582], [0.6896408887103483]]
[[0.8709677419354839], [0.7741935483870968], [0.5591397849462365], [0.6236559139784946], [0.5698924731182796], [0.5053763440860215], [0.5053763440860215], [0.5483870967741935], [0.4838709677419355], [0.4731182795698925], [0.5591397849462365], [0.5376344086021505], [0.6451612903225806]]
[[0.6688047912381346], [0.6778939344971074], [0.6697753210101629], [0.6783605789479408], [0.6588290577550652], [0.6772872602349889], [0.6652010312569162], [0.6619036973061605], [0.6693349521049288], [0.6704855980518393], [0.6621251575787763], [0.6613589583864558], [0.6638162107175231]]
[[0.6941740493478942], [0.6941740493478942], [0.6941740493478942], [0.6941740493478942], [0.6941740493478942], [0.6941740493478942], [0.6941740493478942], [0.6941740493478942], [0.6941740493478942], [0.6941740493478942], [0.6941740493478942], [0.6941740493478942], [0.6941740493478942]]
video:13
video:14 total:68.857%±0.777%	common:61.268%±10.069%	private:67.612%±0.593%	middle:68.473%±0.0%	
[[0.6957527441986064], [0.6931791940163538], [0.6885424069454805], [0.6978693857062651], [0.6928629017151924], [0.6708466715733554], [0.6923656469223072], [0.6840456721467961], [0.6933668477934657], [0.6847122937496862], [0.6819735969293734], [0.6761835719326049], [0.6975075012478951], [0.6907357661712522]]
[[0.8450704225352113], [0.7464788732394366], [0.6901408450704225], [0.6056338028169014], [0.5352112676056338], [0.4788732394366197], [0.5915492957746479], [0.4788732394366197], [0.6056338028169014], [0.49295774647887325], [0.5633802816901409], [0.6619718309859155], [0.6197183098591549], [0.6619718309859155]]
[[0.6770317392560513], [0.6738924645291894], [0.6705096344029147], [0.671591416112237], [0.6663236169589282], [0.6785215092140973], [0.6753543926076953], [0.6776914838650719], [0.6825684384387198], [0.6729189353448771], [0.6701886360683597], [0.6765898332456353], [0.6819556979666815], [0.6905812670467759]]
[[0.6847260215521359], [0.6847260215521359], [0.6847260215521359], [0.6847260215521359], [0.6847260215521359], [0.6847260215521359], [0.6847260215521359], [0.6847260215521359], [0.6847260215521359], [0.6847260215521359], [0.6847260215521359], [0.6847260215521359], [0.6847260215521359], [0.6847260215521359]]
video:14
video:15 total:72.231%±0.679%	common:62.449%±9.682%	private:68.968%±0.66%	middle:70.497%±0.0%	
[[0.7281387102045006], [0.724943672471893], [0.7289211766981972], [0.7308707380257937], [0.722246139897], [0.723580025866326], [0.7242915660023838], [0.7280553746780952], [0.7225874896605387], [0.7057348108778988], [0.7211330347788852], [0.7249823426556463], [0.7238156912007041], [0.7162716124165756], [0.7091248850628661]]
[[0.8571428571428571], [0.7142857142857143], [0.6326530612244898], [0.5306122448979592], [0.5306122448979592], [0.5510204081632653], [0.5714285714285714], [0.5714285714285714], [0.46938775510204084], [0.6530612244897959], [0.5714285714285714], [0.6326530612244898], [0.6938775510204082], [0.6326530612244898], [0.7551020408163265]]
[[0.6837438690975175], [0.6783718155794065], [0.694112052509581], [0.684910772419636], [0.6788762861669431], [0.6966321583840734], [0.6988797518050336], [0.6962422162877565], [0.6932499286972637], [0.6837045286852996], [0.6908268239017593], [0.6949040956873449], [0.6843485422550902], [0.6967652431684673], [0.6895660398875495]]
[[0.7049712153052893], [0.7049712153052893], [0.7049712153052893], [0.7049712153052893], [0.7049712153052893], [0.7049712153052893], [0.7049712153052893], [0.7049712153052893], [0.7049712153052893], [0.7049712153052893], [0.7049712153052893], [0.7049712153052893], [0.7049712153052893], [0.7049712153052893], [0.7049712153052893]]
video:15
video:16 total:69.31%±0.784%	common:63.578%±11.172%	private:66.668%±0.838%	middle:68.224%±0.0%	
[[0.6890299771806941], [0.6941518126427096], [0.6873397091130402], [0.6864457727674638], [0.678275082289611], [0.6990966598223546], [0.6989537442477173], [0.685513976770293], [0.690605911881553], [0.6901904709170389], [0.6886399251230184], [0.70075298096198], [0.6936438376329935], [0.6947967824985564], [0.6987270602436926], [0.7133936112189144]]
[[0.896551724137931], [0.7586206896551724], [0.7241379310344828], [0.6551724137931034], [0.5517241379310345], [0.5517241379310345], [0.4482758620689655], [0.5862068965517241], [0.5517241379310345], [0.6896551724137931], [0.4827586206896552], [0.6551724137931034], [0.5517241379310345], [0.7241379310344828], [0.6206896551724138], [0.7241379310344828]]
[[0.6623914137977572], [0.6663158104064425], [0.6533379881864736], [0.6690532094389284], [0.6639790435862448], [0.6746840254782349], [0.6679606986594451], [0.6493369572393863], [0.6612253162482132], [0.6693246555838922], [0.6834597021185704], [0.6773938360613391], [0.6598022251266698], [0.6732152988860419], [0.6710836254624373], [0.6643321481002726]]
[[0.6822373634107818], [0.6822373634107818], [0.6822373634107818], [0.6822373634107818], [0.6822373634107818], [0.6822373634107818], [0.6822373634107818], [0.6822373634107818], [0.6822373634107818], [0.6822373634107818], [0.6822373634107818], [0.6822373634107818], [0.6822373634107818], [0.6822373634107818], [0.6822373634107818], [0.6822373634107818]]
