video:0
video:1 total:91.667%±0.0%	common:39.881%±0.0%	private:100.0%±0.0%	middle:97.222%±0.0%	
[[0.9166666666666666]]
[[0.3988095238095238]]
[[1.0]]
[[0.9722222222222222]]
video:1
video:2 total:85.166%±1.528%	common:18.983%±2.018%	private:88.672%±11.328%	middle:86.429%±0.0%	
[[0.8363736263736264], [0.8669369981869982]]
[[0.21001390567139305], [0.16964650927370226]]
[[0.7734360410830999], [1.0]]
[[0.8642851558486233], [0.8642851558486233]]
video:2
video:3 total:81.106%±1.263%	common:11.141%±3.881%	private:80.457%±13.819%	middle:81.818%±0.0%	
[[0.7932022408499906], [0.8202062339623746], [0.8197583418562008]]
[[0.07472470182226504], [0.09439416851344], [0.16510579387038182]]
[[0.706025832318128], [0.7076854844501902], [1.0]]
[[0.8181776235989624], [0.8181776235989624], [0.8181776235989624]]
video:3
video:4 total:76.267%±1.352%	common:11.277%±3.969%	private:67.363%±19.169%	middle:78.785%±0.0%	
[[0.7515344858233404], [0.7786239976360445], [0.7733057591670799], [0.7472094731082665]]
[[0.055564341371887746], [0.10299418744404151], [0.12769125742250242], [0.16483706642250245]]
[[0.6201361573803301], [0.5509423855134297], [0.5234543699839145], [1.0]]
[[0.787851449537471], [0.787851449537471], [0.787851449537471], [0.787851449537471]]
video:4
video:5 total:69.249%±1.212%	common:10.41%±5.549%	private:57.164%±22.456%	middle:71.893%±0.0%	
[[0.6906621360307196], [0.6724113160001932], [0.6972548011018448], [0.6921577680345034], [0.7099434530162184]]
[[0.02876875728868223], [0.07318917617115833], [0.08948938740093834], [0.13952125000634868], [0.18950895323343536]]
[[0.5560156487812371], [0.498607807506497], [0.4535916757231401], [0.3500032002612056], [1.0]]
[[0.7189323384564389], [0.7189323384564389], [0.7189323384564389], [0.7189323384564389], [0.7189323384564389]]
video:5
video:6 total:68.808%±1.468%	common:13.006%±7.7%	private:55.059%±20.83%	middle:68.381%±0.0%	
[[0.6687492489436806], [0.6751744342197749], [0.7019267114449683], [0.6816559536070613], [0.6902222017009862], [0.7107627719093766]]
[[0.03794821101746583], [0.06552752236630174], [0.09713722515831379], [0.11774796530772731], [0.20532384959424474], [0.2566455162266372]]
[[0.5561874122140074], [0.5027930134357862], [0.43692032026751626], [0.40808060887695613], [0.39954683621712933], [1.0]]
[[0.6838055769574235], [0.6838055769574235], [0.6838055769574235], [0.6838055769574235], [0.6838055769574235], [0.6838055769574235]]
video:6
video:7 total:67.637%±1.423%	common:14.183%±8.074%	private:52.159%±20.478%	middle:68.522%±0.0%	
[[0.6764211884941269], [0.6681870401026275], [0.6536849245080874], [0.669074704521754], [0.6757836342604918], [0.699770743087988], [0.6916785593947495]]
[[0.0372853604838756], [0.0530336136491047], [0.0825402559708065], [0.16228265055071872], [0.16479293141732418], [0.23110192740081537], [0.2617750627669803]]
[[0.546366657148306], [0.4874882510985993], [0.4579341835307696], [0.427670053873957], [0.39304089900900735], [0.3385995902636191], [1.0]]
[[0.6852152625260932], [0.6852152625260932], [0.6852152625260932], [0.6852152625260932], [0.6852152625260932], [0.6852152625260932], [0.6852152625260932]]
video:7
video:8 total:67.798%±1.639%	common:16.173%±11.242%	private:50.906%±19.725%	middle:67.57%±0.0%	
[[0.6665004928912753], [0.6585611808853493], [0.6670858106845546], [0.6693711168860487], [0.6813409515188507], [0.6724374100579674], [0.7075894840361463], [0.700983295784269]]
[[0.03129363476938921], [0.04566604015537018], [0.08575594078585519], [0.12343336023842448], [0.1386037431138339], [0.22045773169084948], [0.2672080635054637], [0.3814259058248541]]
[[0.5602554113397147], [0.48627381433848016], [0.47213753982131307], [0.4438026507387228], [0.39373550288819237], [0.39427109309264174], [0.3219758605544761], [1.0]]
[[0.6757036313859385], [0.6757036313859385], [0.6757036313859385], [0.6757036313859385], [0.6757036313859385], [0.6757036313859385], [0.6757036313859385], [0.6757036313859385]]
video:8
video:9 total:65.27%±1.849%	common:18.901%±13.186%	private:50.39%±18.146%	middle:64.84%±0.0%	
[[0.6172582908028729], [0.6412955377790225], [0.6430693561909896], [0.6473232110310584], [0.6450309452154045], [0.6594485115880366], [0.6665638675001179], [0.6709499203931065], [0.6833706980285724]]
[[0.024117135332446697], [0.04031836154206069], [0.08759822058521162], [0.12089823379282755], [0.1688490448055755], [0.2255926404842586], [0.2581603158920537], [0.3296860762272979], [0.4458282767084405]]
[[0.518236177553332], [0.5037637460509087], [0.4578962918608029], [0.43527359481391276], [0.45380106363965805], [0.4114182035734724], [0.36915568620368056], [0.38557677824355785], [1.0]]
[[0.6484003665704957], [0.6484003665704957], [0.6484003665704957], [0.6484003665704957], [0.6484003665704957], [0.6484003665704957], [0.6484003665704957], [0.6484003665704957], [0.6484003665704957]]
video:9
video:10 total:65.091%±2.375%	common:22.87%±15.865%	private:49.759%±17.43%	middle:65.397%±0.0%	
[[0.6166805010113429], [0.6393143156233256], [0.6228840588235903], [0.6490678667468014], [0.6350501114680828], [0.6505752128636104], [0.6456592831076625], [0.6749247419099658], [0.6849117828788367], [0.6900627794863806]]
[[0.035494112562530926], [0.041960649712515674], [0.08050372802478746], [0.1583645466186756], [0.14918825016164083], [0.23476249765349758], [0.25467310398097615], [0.3858842607983111], [0.44648112996038375], [0.49967770933605943]]
[[0.5346124695297038], [0.48808338312595156], [0.47126086438026044], [0.46171899203918826], [0.44814985692616705], [0.3856704015473404], [0.428808476420752], [0.3765830528015813], [0.3810034683195705], [1.0]]
[[0.6539745091188621], [0.6539745091188621], [0.6539745091188621], [0.6539745091188621], [0.6539745091188621], [0.6539745091188621], [0.6539745091188621], [0.6539745091188621], [0.6539745091188621], [0.6539745091188621]]
video:10
video:11 total:70.188%±2.354%	common:26.079%±19.619%	private:51.034%±16.641%	middle:69.811%±0.0%	
[[0.6910903505756979], [0.6737163182754237], [0.692381031055271], [0.6742778150602597], [0.6887022018178189], [0.6954914540958533], [0.6950018214760885], [0.7031773196143105], [0.7190585532403463], [0.7327146838438433], [0.7550261859124247]]
[[0.05242244415854293], [0.05461533565708303], [0.06913811873183828], [0.0846187765533122], [0.15115623126916491], [0.22223031618839192], [0.30708072795865193], [0.30358179058443746], [0.4577950253942168], [0.5294075088177046], [0.6366156253913059]]
[[0.5746153442214016], [0.5286331050746721], [0.49443720997580765], [0.47095641455290527], [0.46550749248742707], [0.4844920292647428], [0.4485209828692749], [0.42353830560599703], [0.3728619352656037], [0.35021940382649586], [1.0]]
[[0.6981142690443111], [0.6981142690443111], [0.6981142690443111], [0.6981142690443111], [0.6981142690443111], [0.6981142690443111], [0.6981142690443111], [0.6981142690443111], [0.6981142690443111], [0.6981142690443111], [0.6981142690443111]]
video:11
video:12 total:64.475%±3.159%	common:28.701%±21.074%	private:46.785%±16.689%	middle:62.131%±0.0%	
[[0.6197094564883285], [0.6021974096457176], [0.616244191435759], [0.6245054632111131], [0.6315447901313349], [0.6241419732029605], [0.6368342256898345], [0.6491867352156911], [0.6561576100490151], [0.6769893878043073], [0.6852193300175236], [0.7142202405649432]]
[[0.025477682081577753], [0.05942831497355108], [0.09096507150100555], [0.10852149044481706], [0.16777198391173645], [0.19632396700560287], [0.252365014896863], [0.33211751607139156], [0.44522627195646763], [0.4948064652084998], [0.5825398106093761], [0.6885330743639718]]
[[0.5058540425255021], [0.4869018662474723], [0.46266213802338246], [0.44709055418062554], [0.41881292385294955], [0.41170831930008467], [0.4011335227387965], [0.35758641178634476], [0.3619630834444402], [0.3839851637122485], [0.3764747439325043], [1.0]]
[[0.6213126735348898], [0.6213126735348898], [0.6213126735348898], [0.6213126735348898], [0.6213126735348898], [0.6213126735348898], [0.6213126735348898], [0.6213126735348898], [0.6213126735348898], [0.6213126735348898], [0.6213126735348898], [0.6213126735348898]]
video:12
video:13 total:71.2%±2.898%	common:34.432%±24.365%	private:52.786%±14.541%	middle:70.423%±0.0%	
[[0.6842146487323859], [0.6893997754050109], [0.6764356531817073], [0.6776845246317375], [0.7034120624449892], [0.6914437473055144], [0.7110949688339769], [0.7144468452782817], [0.7104650030529143], [0.7287551640177028], [0.7400214689514254], [0.7557052185689461], [0.7728936180910511]]
[[0.04705988279976623], [0.06797845117398339], [0.1096241248302417], [0.14565643659604408], [0.1480963114192623], [0.24144810891990953], [0.27714036636712436], [0.3533201563804241], [0.4696134590219266], [0.4815806121615592], [0.6081809517706321], [0.7204915801594274], [0.8059593446755029]]
[[0.582015204916746], [0.5455069671286954], [0.5214586828465144], [0.5324437962575876], [0.5116482144943455], [0.5068546722173636], [0.44682072880726253], [0.444942215439215], [0.49202291346018767], [0.44243936658788635], [0.4477487705228837], [0.3882557637146985], [1.0]]
[[0.7042280169290333], [0.7042280169290333], [0.7042280169290333], [0.7042280169290333], [0.7042280169290333], [0.7042280169290333], [0.7042280169290333], [0.7042280169290333], [0.7042280169290333], [0.7042280169290333], [0.7042280169290333], [0.7042280169290333], [0.7042280169290333]]
video:13
video:14 total:70.401%±3.451%	common:39.431%±28.181%	private:54.11%±13.141%	middle:67.2%±0.0%	
[[0.6765333871776762], [0.666424233498256], [0.6730549355739756], [0.6826026658486242], [0.6732507950076118], [0.6750245969534915], [0.6832612502255565], [0.6907583161234822], [0.7158809297692317], [0.7245168103296916], [0.7258921713120985], [0.7339989036095758], [0.7487029093018976], [0.786205787390788]]
[[0.04273860253900058], [0.11226617461063593], [0.09535786911751208], [0.10117478766467554], [0.15671354539473425], [0.22765053259313556], [0.282672803190446], [0.3869629659241378], [0.4443309571476148], [0.5714987200805098], [0.6627073106847096], [0.7734947046604592], [0.7820426945179904], [0.8806763824386223]]
[[0.5742426765363771], [0.5484241393404313], [0.5321554400497392], [0.5187620041441943], [0.503367009607634], [0.5089018666679036], [0.5050238989667095], [0.5026490046222665], [0.45393313516574146], [0.4620498069775374], [0.45812851571364616], [0.5227261495640472], [0.485005357138218], [1.0]]
[[0.6719977053833721], [0.6719977053833721], [0.6719977053833721], [0.6719977053833721], [0.6719977053833721], [0.6719977053833721], [0.6719977053833721], [0.6719977053833721], [0.6719977053833721], [0.6719977053833721], [0.6719977053833721], [0.6719977053833721], [0.6719977053833721], [0.6719977053833721]]
video:14
video:15 total:72.744%±3.491%	common:42.467%±26.735%	private:55.434%±12.605%	middle:71.002%±0.0%	
[[0.6894043517915612], [0.70540671560683], [0.6735323515670896], [0.700142437817419], [0.7100464992119033], [0.7048528021409686], [0.7111066020721839], [0.7202125194927286], [0.7144725315067957], [0.727076635977224], [0.7413864237318871], [0.7650796257324667], [0.767364524322895], [0.7816386815418224], [0.7999246459408867]]
[[0.06569568031186415], [0.05237514517198127], [0.09566060421242194], [0.15247979937318354], [0.2274230896743478], [0.282957268999186], [0.32789468208823586], [0.4664536549896898], [0.4815232071863217], [0.4900757418115899], [0.637065716916448], [0.7279027118968151], [0.7240341673684567], [0.7618926322754482], [0.87666828111787]]
[[0.5892174283272275], [0.5792597534002621], [0.5401540770351054], [0.5672509439346831], [0.5461783931126547], [0.5537742021943522], [0.5549701802555386], [0.48223142639441346], [0.514899545394463], [0.47562009730476534], [0.4915427889236979], [0.4532924317334414], [0.4948026621520357], [0.47189008631475815], [1.0]]
[[0.7100184561959324], [0.7100184561959324], [0.7100184561959324], [0.7100184561959324], [0.7100184561959324], [0.7100184561959324], [0.7100184561959324], [0.7100184561959324], [0.7100184561959324], [0.7100184561959324], [0.7100184561959324], [0.7100184561959324], [0.7100184561959324], [0.7100184561959324], [0.7100184561959324]]
video:15
video:16 total:73.707%±3.893%	common:50.641%±30.203%	private:61.641%±10.181%	middle:69.277%±0.0%	
[[0.6922957942369141], [0.6911201152505876], [0.7246641662761623], [0.6900348038936118], [0.6863139925420362], [0.7166378967318446], [0.7067107077365262], [0.7205977025210357], [0.7467455450567807], [0.7497099998777681], [0.7450682676675585], [0.7586458983818298], [0.7695926105745805], [0.7807654325886078], [0.803358723521895], [0.8108371335130325]]
[[0.1112679537009039], [0.11348339955976808], [0.17877482756937643], [0.21505323118377848], [0.194570726597579], [0.2847482029603503], [0.338498272491588], [0.3843712289524797], [0.5747951655326491], [0.656191958767296], [0.6442032785951692], [0.8176347480270383], [0.8172535967768058], [0.8852238929662627], [0.9067239538360989], [0.9797378547378546]]
[[0.583167986322964], [0.5962900266680573], [0.6089359341317739], [0.5880258747994319], [0.5601415238346371], [0.5634863362304718], [0.5558572795838792], [0.5781025792976532], [0.6421604000183387], [0.5907842171835228], [0.5833459830831942], [0.6073913119463167], [0.5674503816416123], [0.6057007801851727], [0.631719977553311], [1.0]]
[[0.6927659287566275], [0.6927659287566275], [0.6927659287566275], [0.6927659287566275], [0.6927659287566275], [0.6927659287566275], [0.6927659287566275], [0.6927659287566275], [0.6927659287566275], [0.6927659287566275], [0.6927659287566275], [0.6927659287566275], [0.6927659287566275], [0.6927659287566275], [0.6927659287566275], [0.6927659287566275]]
