video:0
video:1 total:97.173%±0.0%	common:98.195%±0.0%	private:92.019%±0.0%	middle:94.722%±0.0%	
[[0.9717261904761904]]
[[0.9819484936831876]]
[[0.9201895043731778]]
[[0.9472222222222223]]
video:1
video:2 total:89.848%±0.02%	common:99.72%±0.026%	private:85.175%±0.393%	middle:85.527%±0.0%	
[[0.8986812726699206], [0.8982738601268013]]
[[0.9974649762539662], [0.9969396195202647]]
[[0.8478136553068495], [0.855677636360998]]
[[0.8552693885958793], [0.8552693885958793]]
video:2
video:3 total:87.076%±0.546%	common:97.093%±1.365%	private:82.984%±0.665%	middle:78.365%±0.0%	
[[0.8712199226388005], [0.86384554691279], [0.8772061203965392]]
[[0.9598926807644769], [0.9901663628709031], [0.9627193992560321]]
[[0.8383460534034382], [0.8290420985440303], [0.8221222463364927]]
[[0.7836537415093245], [0.7836537415093245], [0.7836537415093245]]
video:3
video:4 total:80.596%±1.873%	common:97.143%±0.884%	private:75.486%±1.149%	middle:76.007%±0.0%	
[[0.7783399928173104], [0.8033881327993649], [0.8116182634801902], [0.8305004912846534]]
[[0.957073612641853], [0.972001293860682], [0.9806732862252407], [0.9759666140601171]]
[[0.7674074563236288], [0.7593581027828942], [0.7362059737879577], [0.756460323468012]]
[[0.7600664412038265], [0.7600664412038265], [0.7600664412038265], [0.7600664412038265]]
video:4
video:5 total:77.896%±1.753%	common:95.03%±1.105%	private:69.386%±0.827%	middle:74.188%±0.0%	
[[0.7555318725645519], [0.7636513051121433], [0.7827159974921938], [0.7885144261738873], [0.8043980108493096]]
[[0.9717425960170607], [0.9497710474520635], [0.9432524893743867], [0.9449301186553408], [0.9418117200082642]]
[[0.6919160075807097], [0.7037652057035363], [0.6847389430654888], [0.703275354225508], [0.6856205572228721]]
[[0.7418837635460224], [0.7418837635460224], [0.7418837635460224], [0.7418837635460224], [0.7418837635460224]]
video:5
video:6 total:75.139%±2.097%	common:94.944%±1.683%	private:65.645%±0.833%	middle:68.165%±0.0%	
[[0.722313068670475], [0.731187739703546], [0.7462230909125543], [0.7544631697378095], [0.7733453154901551], [0.7808283319567844]]
[[0.9822200448051933], [0.9456202016972793], [0.9485426079748305], [0.9259104528700217], [0.9519566737589767], [0.942411576658508]]
[[0.665218789145538], [0.6644323931756648], [0.6486632990279683], [0.6482529843288776], [0.6646531895406503], [0.6474645745150299]]
[[0.6816512722701287], [0.6816512722701287], [0.6816512722701287], [0.6816512722701287], [0.6816512722701287], [0.6816512722701287]]
video:6
video:7 total:73.76%±1.939%	common:95.347%±0.901%	private:63.99%±0.74%	middle:67.245%±0.0%	
[[0.7068838372180005], [0.7226796447952079], [0.7273019081741474], [0.7377314643047689], [0.7449883827651163], [0.7536909126371591], [0.7699229920810462]]
[[0.9552188295549212], [0.9540043211992179], [0.9704295752465436], [0.9583470290239323], [0.9393929033024533], [0.9469414665710207], [0.9499420943247656]]
[[0.6459237064724546], [0.6425789030576889], [0.646218207696523], [0.6297476904362769], [0.6397830524468678], [0.627868901457815], [0.6471500322307571]]
[[0.6724462418300686], [0.6724462418300686], [0.6724462418300686], [0.6724462418300686], [0.6724462418300686], [0.6724462418300686], [0.6724462418300686]]
video:7
video:8 total:74.898%±2.029%	common:95.485%±0.554%	private:64.334%±0.915%	middle:69.606%±0.0%	
[[0.720542387043772], [0.7287120040861226], [0.730724460762807], [0.7481345346767881], [0.7517389626871391], [0.7608491646710295], [0.7661643698385274], [0.7849985121452647]]
[[0.9644701935057939], [0.9565772411820157], [0.9551129058937311], [0.950959377829802], [0.9498615643938709], [0.9462535573746604], [0.9546957298340247], [0.9608755665355921]]
[[0.6592036436090963], [0.6527160708807762], [0.6416352574271963], [0.6270371922336174], [0.6390046573880439], [0.6432223149494242], [0.6375334247462636], [0.6463307174028793]]
[[0.6960595804931233], [0.6960595804931233], [0.6960595804931233], [0.6960595804931233], [0.6960595804931233], [0.6960595804931233], [0.6960595804931233], [0.6960595804931233]]
video:8
video:9 total:72.171%±1.82%	common:95.014%±0.723%	private:64.041%±0.646%	middle:66.261%±0.0%	
[[0.6978824565751899], [0.6974279034298378], [0.7080544962748014], [0.7148875301917696], [0.7210515357247446], [0.7246865940102633], [0.735966967145358], [0.7441359280906396], [0.7513012218097235]]
[[0.9484162274013547], [0.958554222907327], [0.9652237128002082], [0.9428814751345865], [0.9415971910359909], [0.9486790570181752], [0.943815723079831], [0.9511546992981627], [0.9509631751661246]]
[[0.6543626346348028], [0.6451646807814999], [0.6443284742235051], [0.6384071848784754], [0.6307234568092724], [0.6363662555745522], [0.6352878125485564], [0.6400116834350937], [0.6390730074917657]]
[[0.6626101983429336], [0.6626101983429336], [0.6626101983429336], [0.6626101983429336], [0.6626101983429336], [0.6626101983429336], [0.6626101983429336], [0.6626101983429336], [0.6626101983429336]]
video:9
video:10 total:71.381%±2.439%	common:94.877%±1.749%	private:62.645%±0.961%	middle:66.361%±0.0%	
[[0.6815032739478156], [0.6792024456644898], [0.6879666506299944], [0.7114457131610022], [0.7098959827451347], [0.7132736915200604], [0.7278455385057164], [0.7320955697438537], [0.736903808312075], [0.7579820913011216]]
[[0.9851427281803798], [0.9674698832846493], [0.9481383651929323], [0.9185518121421118], [0.9295918820761668], [0.9499273548542452], [0.9466374110937529], [0.9514736380422032], [0.9395370915441849], [0.9512697279879931]]
[[0.6409016331067935], [0.6374429711045528], [0.6346389439746172], [0.637029771207323], [0.6219869015255557], [0.617647706890049], [0.6209992875693545], [0.6158590551979929], [0.6133386535944393], [0.6246140634290059]]
[[0.6636139991920109], [0.6636139991920109], [0.6636139991920109], [0.6636139991920109], [0.6636139991920109], [0.6636139991920109], [0.6636139991920109], [0.6636139991920109], [0.6636139991920109], [0.6636139991920109]]
video:10
video:11 total:73.407%±2.134%	common:94.365%±1.141%	private:65.168%±0.964%	middle:67.517%±0.0%	
[[0.702655591960906], [0.7077579964030678], [0.7132170591966932], [0.7171314602673575], [0.7316902397364796], [0.7355772328920367], [0.739078455194242], [0.7388672270228072], [0.7582963304889807], [0.7619639095490593], [0.7685344403727207]]
[[0.9577395064129319], [0.932838646325114], [0.938555615982533], [0.9631600175051158], [0.9368848062877798], [0.9202015526584971], [0.9431952200267752], [0.9404598691548611], [0.9521877258184585], [0.9485772346321127], [0.9463374260382355]]
[[0.6695083942157551], [0.6581004196260338], [0.6606945641665192], [0.6520336412286104], [0.6546654375944532], [0.6456457976808031], [0.658122821699293], [0.6340653633977814], [0.6417081251367325], [0.651408851952909], [0.6424882629491134]]
[[0.6751661325179071], [0.6751661325179071], [0.6751661325179071], [0.6751661325179071], [0.6751661325179071], [0.6751661325179071], [0.6751661325179071], [0.6751661325179071], [0.6751661325179071], [0.6751661325179071], [0.6751661325179071]]
video:11
video:12 total:67.391%±2.077%	common:93.757%±2.283%	private:59.415%±0.726%	middle:63.141%±0.0%	
[[0.6420756522911338], [0.6463691005259717], [0.6529119570448888], [0.6607948964468744], [0.6646264131387638], [0.6736181897475628], [0.6758210567444165], [0.6767380013942752], [0.688393032989657], [0.6940509876832858], [0.7007251016784175], [0.7107900201945108]]
[[0.97607770035466], [0.9701117610684431], [0.9726135370603921], [0.9442686236832185], [0.9306405005519663], [0.9390513416373434], [0.9157815668871957], [0.9028713992614842], [0.9245215595663178], [0.9209775516015595], [0.9315445644814128], [0.922413357031364]]
[[0.6082314275854962], [0.6023128048704952], [0.598302955015984], [0.5977802744924989], [0.5981339897450589], [0.5823206158143276], [0.5870837994751262], [0.5894696893366347], [0.5928422584467806], [0.5838166224805608], [0.5951490783422886], [0.5943161086044966]]
[[0.6314108684534933], [0.6314108684534933], [0.6314108684534933], [0.6314108684534933], [0.6314108684534933], [0.6314108684534933], [0.6314108684534933], [0.6314108684534933], [0.6314108684534933], [0.6314108684534933], [0.6314108684534933], [0.6314108684534933]]
video:12
video:13 total:72.251%±1.786%	common:96.283%±0.761%	private:64.262%±0.838%	middle:68.415%±0.0%	
[[0.6944981285914651], [0.6981936546099379], [0.7108051357840552], [0.7102961247670476], [0.7134532900178401], [0.7144840663042291], [0.7180957669249916], [0.7236894921364473], [0.7336799771576537], [0.7277347348654111], [0.7454486798539532], [0.7500947520722352], [0.7521788809160729]]
[[0.9788561870242961], [0.9735327756179857], [0.9661630734316919], [0.9563902619934028], [0.9657686812710078], [0.9619944914451584], [0.9562089540639319], [0.9668425549466643], [0.9649816282151604], [0.9598456266881045], [0.9533074642761732], [0.962477148659744], [0.9504015674108214]]
[[0.6559492270906605], [0.6549162600158731], [0.650072530063235], [0.6472256940093567], [0.6411510658002161], [0.6431753292922551], [0.639711475745784], [0.627090081625001], [0.6450012474774539], [0.6325725346636062], [0.6321152894279226], [0.6381358418861532], [0.6469403445915437]]
[[0.6841490319938959], [0.6841490319938959], [0.6841490319938959], [0.6841490319938959], [0.6841490319938959], [0.6841490319938959], [0.6841490319938959], [0.6841490319938959], [0.6841490319938959], [0.6841490319938959], [0.6841490319938959], [0.6841490319938959], [0.6841490319938959]]
video:13
video:14 total:71.736%±1.881%	common:95.603%±1.623%	private:64.148%±0.886%	middle:67.283%±0.0%	
[[0.690274760020271], [0.6947620467669912], [0.6979281575744901], [0.7058993754795938], [0.7165681743448502], [0.6945507879196908], [0.7095107520339673], [0.7160128494687414], [0.7264269720584478], [0.733056455580924], [0.7277903066226485], [0.7371236476182558], [0.7399669792837018], [0.7531213286342601]]
[[0.9992412979944576], [0.9825801975643981], [0.9567763707744673], [0.9428311286520371], [0.9568500100170703], [0.9386941675895164], [0.9381453645406751], [0.9498510143176172], [0.9605055289420357], [0.9586305663664778], [0.9572940870088129], [0.942902364567685], [0.9518992934867433], [0.948158917805492]]
[[0.6580421674176465], [0.649105090916808], [0.6401866730071641], [0.6421009126719415], [0.6411720017627557], [0.644813108486462], [0.6362207951032541], [0.6438252858971973], [0.6282260974586649], [0.6325036706986679], [0.6279474680354061], [0.6390346308718382], [0.6395307461253852], [0.6579555655286395]]
[[0.6728329749208364], [0.6728329749208364], [0.6728329749208364], [0.6728329749208364], [0.6728329749208364], [0.6728329749208364], [0.6728329749208364], [0.6728329749208364], [0.6728329749208364], [0.6728329749208364], [0.6728329749208364], [0.6728329749208364], [0.6728329749208364], [0.6728329749208364]]
video:14
video:15 total:74.244%±1.609%	common:95.822%±1.373%	private:65.726%±0.854%	middle:69.331%±0.0%	
[[0.7201835294423121], [0.7175544806154023], [0.7231727204024132], [0.7301070183370307], [0.7291252126701718], [0.7324423186201925], [0.7464790403493444], [0.7441765011654906], [0.744613638559723], [0.7407645533929921], [0.754430868881676], [0.7603428551066136], [0.7596894481037341], [0.767082524406817], [0.7663853266397256]]
[[0.9623005647234393], [0.9858255642184303], [0.9791215383499919], [0.9679024895882271], [0.9515233205871656], [0.9678677416841922], [0.9649316539411666], [0.9453000423189729], [0.9599565986083813], [0.9614225843549236], [0.9597511370425187], [0.9453921694155291], [0.9342605853723085], [0.9440766616115404], [0.9436393691189463]]
[[0.6683729505499746], [0.6612557615943401], [0.6701017100891112], [0.6547034881524755], [0.6432952027189509], [0.6529375576379461], [0.6677803568402897], [0.6465214477424261], [0.6474301091203228], [0.6543019428874777], [0.6512777374283257], [0.6601063352032087], [0.6497332408594909], [0.6648987351939432], [0.6661450871812301]]
[[0.6933119440287967], [0.6933119440287967], [0.6933119440287967], [0.6933119440287967], [0.6933119440287967], [0.6933119440287967], [0.6933119440287967], [0.6933119440287967], [0.6933119440287967], [0.6933119440287967], [0.6933119440287967], [0.6933119440287967], [0.6933119440287967], [0.6933119440287967], [0.6933119440287967]]
video:15
video:16 total:71.389%±2.239%	common:97.466%±1.329%	private:63.844%±0.884%	middle:66.491%±0.0%	
[[0.6844403763384029], [0.6903052692083855], [0.6798690924637314], [0.6887621573538243], [0.6934887232415979], [0.7071236589136105], [0.7095824566115493], [0.7075621810186002], [0.7133383954904041], [0.719351621419398], [0.7208673425199481], [0.7341361011582471], [0.7314410591816412], [0.7390142194202801], [0.7472713987087405], [0.7556733845051293]]
[[0.9990218047353995], [0.9870623425408336], [0.9969487983281087], [0.9653121209904716], [0.9752556351694281], [0.977354200107009], [0.9789347079037802], [0.9676040967690198], [0.9889967637540453], [0.9532907582907583], [0.975442727466537], [0.9763778235653237], [0.9713990256758852], [0.9521051969915606], [0.9604866494401377], [0.9690039035237848]]
[[0.6462868782882562], [0.6453210913517418], [0.6292812372466292], [0.6394134352007445], [0.6408103904836102], [0.6491764255290123], [0.6388977825246731], [0.624220810346224], [0.6315366620596572], [0.6277207718717123], [0.6235802719364103], [0.6340472130634087], [0.6385293570792056], [0.6475775668189069], [0.6473462809636313], [0.651355571904469]]
[[0.6649134140115683], [0.6649134140115683], [0.6649134140115683], [0.6649134140115683], [0.6649134140115683], [0.6649134140115683], [0.6649134140115683], [0.6649134140115683], [0.6649134140115683], [0.6649134140115683], [0.6649134140115683], [0.6649134140115683], [0.6649134140115683], [0.6649134140115683], [0.6649134140115683], [0.6649134140115683]]
