video:1
video:2 total:91.652%±0.0%	common:95.113%±0.0%	private:88.976%±0.0%	middle:86.429%±0.0%	
[[0.9165223665223665], []]
[[0.951127819548872], []]
[[0.8897569444444444], []]
[[0.8642851558486233], []]
video:2
video:3 total:87.813%±0.859%	common:96.443%±0.011%	private:83.638%±0.863%	middle:81.818%±0.0%	
[[0.8695371300654271], [0.8867225365294922], []]
[[0.964537037037037], [0.9643141945773526], []]
[[0.8277532189207739], [0.8450164165103189], []]
[[0.8181776235989624], [0.8181776235989624], []]
video:3
video:4 total:84.04%±1.948%	common:97.757%±1.286%	private:76.15%±1.675%	middle:78.785%±0.0%	
[[0.8209054443630437], [0.8333021139025341], [0.8669984013980364], []]
[[0.9617635189669088], [0.9776926351638996], [0.9932659932659932], []]
[[0.7649721113306978], [0.7394798136522758], [0.7800625475253835], []]
[[0.787851449537471], [0.787851449537471], [0.787851449537471], []]
video:4
video:5 total:77.808%±2.487%	common:99.124%±0.522%	private:64.122%±2.159%	middle:71.893%±0.0%	
[[0.7480011575668826], [0.7644996374135679], [0.7852375310078128], [0.8145990958319462], []]
[[0.9859327737700451], [0.9867890442890443], [0.9935049725535376], [0.9987277353689569], []]
[[0.6532474526840846], [0.6441632822208443], [0.6620206041344631], [0.6054580457691641], []]
[[0.7189323384564389], [0.7189323384564389], [0.7189323384564389], [0.7189323384564389], []]
video:5
video:6 total:78.185%±3.094%	common:99.067%±0.88%	private:60.641%±1.94%	middle:68.381%±0.0%	
[[0.7447853717614763], [0.7528914593690795], [0.782693398697348], [0.7994548989948603], [0.8294127682088009], []]
[[0.9809163602461796], [0.9791062280834276], [0.995700999000999], [0.9993629018008953], [0.9982682423082563], []]
[[0.6245807333788035], [0.6215355705166723], [0.6047464803467378], [0.5703375262295501], [0.610848002559338], []]
[[0.6838055769574235], [0.6838055769574235], [0.6838055769574235], [0.6838055769574235], [0.6838055769574235], []]
video:6
video:7 total:77.107%±2.492%	common:98.303%±1.604%	private:59.629%±2.666%	middle:68.522%±0.0%	
[[0.7251020071830654], [0.7536315448345215], [0.7746430001544878], [0.7835717656003347], [0.7916075115507304], [0.7978461903281886], []]
[[0.9525489832311057], [0.9727113151682707], [0.996886836558424], [0.9907983351318543], [0.9866359098630153], [0.998602297706441], []]
[[0.6319894884949002], [0.6264171932938298], [0.6019106287086999], [0.5663289300896798], [0.5634254324936935], [0.5876880323783312], []]
[[0.6852152625260932], [0.6852152625260932], [0.6852152625260932], [0.6852152625260932], [0.6852152625260932], [0.6852152625260932], []]
video:7
video:8 total:76.632%±3.085%	common:98.238%±1.873%	private:58.477%±3.935%	middle:67.57%±0.0%	
[[0.7196845210662712], [0.7319925071924007], [0.7548316712428673], [0.7657506724491423], [0.7873110330676102], [0.7939319300792979], [0.8107604225699158], []]
[[0.9379616015228575], [0.9850735813336257], [0.9892837269156131], [0.9963696238175405], [0.9854354766030864], [0.9968965934039463], [0.9856659199531673], []]
[[0.6358740835267537], [0.6250983402521046], [0.6054435419600448], [0.5832301342555454], [0.5754871188990799], [0.5559445070843925], [0.5122903466680901], []]
[[0.6757036313859385], [0.6757036313859385], [0.6757036313859385], [0.6757036313859385], [0.6757036313859385], [0.6757036313859385], [0.6757036313859385], []]
video:8
video:9 total:74.092%±3.734%	common:98.03%±2.286%	private:55.83%±3.145%	middle:64.84%±0.0%	
[[0.6864636286465623], [0.6969210990261884], [0.7116775089209054], [0.7424706013072953], [0.7465883472006453], [0.7644347502170086], [0.7820605931645443], [0.7967475228516684], []]
[[0.9217436365897467], [0.9963364116289634], [0.9901735746529393], [0.976574503926159], [0.9888914316629613], [0.9850785363285363], [0.9952089070926036], [0.9884293653338041], []]
[[0.6050095343449005], [0.5863813846121354], [0.591492244032877], [0.5597288601541197], [0.5529558697985526], [0.5223915508691462], [0.5143237222223521], [0.5341061987533938], []]
[[0.6484003665704957], [0.6484003665704957], [0.6484003665704957], [0.6484003665704957], [0.6484003665704957], [0.6484003665704957], [0.6484003665704957], [0.6484003665704957], []]
video:9
video:10 total:74.081%±3.4%	common:98.747%±1.567%	private:57.275%±3.005%	middle:65.397%±0.0%	
[[0.6884010465311317], [0.6991391766511876], [0.7116977224370796], [0.7312244455545833], [0.7377508127332242], [0.7737962146422417], [0.7597818622769611], [0.7844643965439334], [0.7810182777782053], []]
[[0.946850682847535], [0.9823998728544183], [0.9951563437997546], [0.9807115966976551], [0.9983213594915723], [0.9933479266221836], [0.9963439364654197], [0.9998063830278595], [0.9942990579934945], []]
[[0.6072473388083789], [0.6044193359427443], [0.5874959874115756], [0.6065331306194243], [0.571201291482581], [0.5661605384341968], [0.5531834770014054], [0.5427542283523934], [0.5157452005162741], []]
[[0.6539745091188621], [0.6539745091188621], [0.6539745091188621], [0.6539745091188621], [0.6539745091188621], [0.6539745091188621], [0.6539745091188621], [0.6539745091188621], [0.6539745091188621], []]
video:10
video:11 total:77.649%±3.634%	common:98.348%±1.192%	private:57.915%±3.91%	middle:69.811%±0.0%	
[[0.7160917401691457], [0.7325174787334463], [0.7479345546031144], [0.7469823953481514], [0.7814211846097004], [0.7866535157036899], [0.7973080741111687], [0.8174177030756692], [0.8151286288090658], [0.8234791410442862], []]
[[0.9567710776495638], [0.9732353091106773], [0.9917554723502304], [0.9811942510415793], [0.9797782907158465], [0.9916686746927011], [1.0], [0.9945372088229231], [0.9880172924351349], [0.9778544175881977], []]
[[0.6389046930194294], [0.624471587894891], [0.6083787460150102], [0.6010137395903691], [0.5903223008103035], [0.5676369658694895], [0.561933484807322], [0.5630825335165361], [0.5204764314871088], [0.5152770873080925], []]
[[0.6981142690443111], [0.6981142690443111], [0.6981142690443111], [0.6981142690443111], [0.6981142690443111], [0.6981142690443111], [0.6981142690443111], [0.6981142690443111], [0.6981142690443111], [0.6981142690443111], []]
video:11
video:12 total:71.615%±3.927%	common:97.146%±1.715%	private:52.029%±4.051%	middle:62.131%±0.0%	
[[0.6512442648559915], [0.66465568739767], [0.6794568723611232], [0.6853413847012017], [0.7059985450423792], [0.7263957607939743], [0.7348639297570533], [0.742609141818352], [0.760311116230449], [0.7553917267274413], [0.7713848154339724], []]
[[0.9263836827119126], [0.9671179122635435], [0.9763371798258283], [0.9741150744397498], [0.9702861920038369], [0.9679511289070392], [0.9964230415317373], [0.9887602160943858], [0.9845791189482704], [0.9689201047645211], [0.9651564233472424], []]
[[0.5781596193326198], [0.5731886920723235], [0.5506861340513765], [0.554986396393277], [0.5269111052589156], [0.5163489608206829], [0.5086922730794678], [0.4949561804886415], [0.5087340625760823], [0.46866728429418514], [0.44190321899387547], []]
[[0.6213126735348898], [0.6213126735348898], [0.6213126735348898], [0.6213126735348898], [0.6213126735348898], [0.6213126735348898], [0.6213126735348898], [0.6213126735348898], [0.6213126735348898], [0.6213126735348898], [0.6213126735348898], []]
video:12
video:13 total:77.987%±3.514%	common:98.676%±1.248%	private:59.253%±3.838%	middle:70.423%±0.0%	
[[0.7272943710496564], [0.7287330299181005], [0.7382450934015048], [0.748603495321475], [0.770341171600143], [0.7747521743429613], [0.7951404016241822], [0.8081265600330068], [0.808434670348419], [0.8154745225065059], [0.8200156523704141], [0.8232897809666379], []]
[[0.9596934254828993], [0.9696957298021128], [0.9896900826446281], [0.9738943155609822], [1.0], [0.9927190977729208], [0.9850214186332814], [0.9999592999592999], [0.9912126230077358], [0.9958109567200475], [0.9835300227571419], [0.999868374868375], []]
[[0.6532948936339242], [0.626858285723206], [0.6457651030885111], [0.61843422669424], [0.6049290719488296], [0.6026121260892593], [0.5856734108785469], [0.5666903976173907], [0.5717869605953907], [0.567156626041782], [0.5456920149017765], [0.5214107363744293], []]
[[0.7042280169290333], [0.7042280169290333], [0.7042280169290333], [0.7042280169290333], [0.7042280169290333], [0.7042280169290333], [0.7042280169290333], [0.7042280169290333], [0.7042280169290333], [0.7042280169290333], [0.7042280169290333], [0.7042280169290333], []]
video:13
video:14 total:76.546%±3.082%	common:98.47%±0.919%	private:59.032%±5.669%	middle:67.2%±0.0%	
[[0.7170324311721336], [0.7105418719136907], [0.7337051480234672], [0.7455121088458007], [0.7460430877431822], [0.7623262318486178], [0.7751956133890248], [0.7834093528395453], [0.7861844487830031], [0.786457623974067], [0.8005103374939452], [0.8026292428586963], [0.8014874465818688], []]
[[0.9638947230017058], [0.9759337872386967], [0.9754959715845102], [0.9806654327311107], [0.9911457100941744], [0.986978278148263], [0.985672968628905], [0.976325271296084], [0.9915247951032264], [0.9974468954248366], [0.992917644999176], [0.9917261904761903], [0.9913095238095238], []]
[[0.6589973080652246], [0.6281951969255213], [0.6331682188842478], [0.6282999840258602], [0.6336505925066842], [0.6277951137192702], [0.6041325088697542], [0.5728870502368979], [0.5548474137213492], [0.5431329736175439], [0.5896186187612157], [0.5655960616773179], [0.4338916485541687], []]
[[0.6719977053833721], [0.6719977053833721], [0.6719977053833721], [0.6719977053833721], [0.6719977053833721], [0.6719977053833721], [0.6719977053833721], [0.6719977053833721], [0.6719977053833721], [0.6719977053833721], [0.6719977053833721], [0.6719977053833721], [0.6719977053833721], []]
video:14
video:15 total:78.568%±2.921%	common:96.978%±2.636%	private:61.055%±3.571%	middle:71.002%±0.0%	
[[0.7392725412325654], [0.7407675856690313], [0.7470567671012195], [0.759098765194167], [0.769551198364253], [0.7877974442601727], [0.7850044545332612], [0.7932117103700255], [0.795901242151176], [0.8029881047300907], [0.8109982379202196], [0.8250277146656708], [0.8287086459146242], [0.8140904866006171], []]
[[0.8878417372261421], [0.9608829365079365], [0.9721087533156498], [0.9686592545169256], [0.9627310962889006], [0.9815480232648921], [1.0], [0.9894726485635577], [0.9655591409066107], [0.9843260813134145], [0.9630539462464565], [0.9856043956043956], [0.9974391932085084], [0.9576337290579494], []]
[[0.6611265641865223], [0.645704540404683], [0.6660414321367223], [0.650009310343264], [0.6372494002903718], [0.5899049872634988], [0.6257518143313521], [0.5819750305350615], [0.5885798817289493], [0.5744956724776195], [0.5612831219335184], [0.5753511934235066], [0.5695028378756274], [0.6207757129623709], []]
[[0.7100184561959324], [0.7100184561959324], [0.7100184561959324], [0.7100184561959324], [0.7100184561959324], [0.7100184561959324], [0.7100184561959324], [0.7100184561959324], [0.7100184561959324], [0.7100184561959324], [0.7100184561959324], [0.7100184561959324], [0.7100184561959324], [0.7100184561959324], []]
video:15
video:16 total:77.233%±2.676%	common:97.279%±2.784%	private:64.939%±4.172%	middle:69.277%±0.0%	
[[0.721275574997952], [0.7430152692467303], [0.7291190679671395], [0.749081536961635], [0.7594253150587666], [0.7637772722138335], [0.762800894862618], [0.7922812516491793], [0.7768199638014381], [0.7993248980748091], [0.7885921536183896], [0.800806939275853], [0.793299414462045], [0.7983151226997616], [0.8069670902425468], []]
[[0.9245867768595041], [0.9538392979569451], [0.9800785634118967], [0.9120548219287715], [1.0], [0.9971590909090909], [0.9998139880952381], [1.0], [0.9601188116373539], [1.0], [0.980194555134971], [0.9975490196078431], [0.9654765513358107], [0.9758817730191777], [0.9451078460556256], []]
[[0.6660546646601901], [0.6720308204489512], [0.63104461795592], [0.6733573329656011], [0.6103118192274696], [0.6854022512017456], [0.578478486321896], [0.6617203649192134], [0.6442167129632984], [0.7000141919538838], [0.6320960899089619], [0.6475314132102531], [0.554132740058063], [0.7117338292062894], [0.6727350427350427], []]
[[0.6927659287566275], [0.6927659287566275], [0.6927659287566275], [0.6927659287566275], [0.6927659287566275], [0.6927659287566275], [0.6927659287566275], [0.6927659287566275], [0.6927659287566275], [0.6927659287566275], [0.6927659287566275], [0.6927659287566275], [0.6927659287566275], [0.6927659287566275], [0.6927659287566275], []]
