video:0
video:1 total:95.0%±0.0%	common:85.714%±0.0%	private:97.222%±0.0%	middle:97.222%±0.0%	
[[0.9500000000000001]]
[[0.8571428571428571]]
[[0.9722222222222222]]
[[0.9722222222222222]]
video:1
video:2 total:86.925%±0.708%	common:95.0%±0.0%	private:84.029%±1.004%	middle:86.429%±0.0%	
[[0.8763339438339438], [0.8621744921744922]]
[[0.95], [0.95]]
[[0.8503318903318904], [0.8302525252525252]]
[[0.8642851558486233], [0.8642851558486233]]
video:2
video:3 total:83.493%±0.369%	common:88.679%±5.555%	private:80.578%±0.745%	middle:81.818%±0.0%	
[[0.8393264872399421], [0.8302924328610145], [0.8351774060257258]]
[[0.8113207547169812], [0.9433962264150944], [0.9056603773584906]]
[[0.7957120355084695], [0.813502451765563], [0.8081276352648934]]
[[0.8181776235989624], [0.8181776235989624], [0.8181776235989624]]
video:3
video:4 total:78.989%±0.597%	common:92.677%±2.513%	private:74.15%±0.558%	middle:78.785%±0.0%	
[[0.7920575584570473], [0.7960582348581097], [0.7800209086309273], [0.7914377769013399]]
[[0.9292929292929293], [0.9292929292929293], [0.8888888888888888], [0.9595959595959596]]
[[0.7495894537978361], [0.7394240657284831], [0.7342145211392114], [0.7427835351660731]]
[[0.787851449537471], [0.787851449537471], [0.787851449537471], [0.787851449537471]]
video:4
video:5 total:71.607%±0.658%	common:90.92%±4.322%	private:67.167%±0.464%	middle:71.893%±0.0%	
[[0.7202989403769976], [0.7209840162342279], [0.7228006083204915], [0.7069282690125759], [0.7093260564201876]]
[[0.8448275862068966], [0.9137931034482759], [0.8793103448275862], [0.9425287356321839], [0.9655172413793104]]
[[0.6662591897175463], [0.6720533247437288], [0.679843702076599], [0.6719373421826309], [0.6682810188570706]]
[[0.7189323384564389], [0.7189323384564389], [0.7189323384564389], [0.7189323384564389], [0.7189323384564389]]
video:5
video:6 total:70.026%±0.445%	common:93.582%±3.015%	private:64.524%±0.388%	middle:68.381%±0.0%	
[[0.6934829869596258], [0.6986464105294388], [0.7039190131458216], [0.7036178022202171], [0.7056837668340359], [0.6962240564381221]]
[[0.9130434782608695], [0.8944099378881988], [0.9627329192546584], [0.9130434782608695], [0.9751552795031055], [0.9565217391304348]]
[[0.6525133793985286], [0.6413351698410682], [0.6446676325318264], [0.6409652799032712], [0.6448387524715079], [0.6471398012260433]]
[[0.6838055769574235], [0.6838055769574235], [0.6838055769574235], [0.6838055769574235], [0.6838055769574235], [0.6838055769574235]]
video:6
video:7 total:70.07%±0.45%	common:94.488%±2.35%	private:64.02%±0.27%	middle:68.522%±0.0%	
[[0.7071014387524703], [0.6994344065706075], [0.6957481928503679], [0.697057493378149], [0.7008052291478777], [0.6970823470713667], [0.7076366921137923]]
[[0.9184782608695652], [0.9130434782608695], [0.9293478260869565], [0.967391304347826], [0.9456521739130435], [0.9782608695652174], [0.9619565217391305]]
[[0.6456860270853451], [0.639567037993928], [0.63673979085428], [0.6410672517346021], [0.6408392549945277], [0.6374530878837825], [0.6400265574302026]]
[[0.6852152625260932], [0.6852152625260932], [0.6852152625260932], [0.6852152625260932], [0.6852152625260932], [0.6852152625260932], [0.6852152625260932]]
video:7
video:8 total:69.199%±0.519%	common:94.527%±3.356%	private:64.181%±0.312%	middle:67.57%±0.0%	
[[0.695556242525331], [0.6884306475221376], [0.6875051912462745], [0.6913355979515954], [0.6899329483929686], [0.7042688717505634], [0.6904193952100389], [0.688483987381277]]
[[0.9104477611940298], [0.8855721393034826], [0.9353233830845771], [0.9303482587064676], [0.9751243781094527], [0.9601990049751243], [0.9850746268656716], [0.9800995024875622]]
[[0.6419599355800847], [0.6424984131253625], [0.6421820480616708], [0.6402807948657596], [0.6437588211001634], [0.6425162841416869], [0.6348233365902868], [0.6464925914062273]]
[[0.6757036313859385], [0.6757036313859385], [0.6757036313859385], [0.6757036313859385], [0.6757036313859385], [0.6757036313859385], [0.6757036313859385], [0.6757036313859385]]
video:8
video:9 total:66.348%±0.612%	common:95.693%±2.339%	private:61.084%±0.466%	middle:64.84%±0.0%	
[[0.6686446036356265], [0.6646847018454011], [0.6678118833179375], [0.6583732474260265], [0.6638465992993291], [0.6670450128627602], [0.6580208127066319], [0.6511095564911479], [0.6717836782348393]]
[[0.9157303370786517], [0.9438202247191011], [0.9438202247191011], [0.9438202247191011], [0.9719101123595506], [0.9606741573033708], [0.949438202247191], [0.9887640449438202], [0.9943820224719101]]
[[0.6110034482231184], [0.601569345235542], [0.6055803693235915], [0.6119043906512903], [0.6175103785474644], [0.6145459503427702], [0.6098953290234927], [0.6101207948754337], [0.6154246545030437]]
[[0.6484003665704957], [0.6484003665704957], [0.6484003665704957], [0.6484003665704957], [0.6484003665704957], [0.6484003665704957], [0.6484003665704957], [0.6484003665704957], [0.6484003665704957]]
video:9
video:10 total:65.843%±0.462%	common:95.404%±3.427%	private:61.76%±0.65%	middle:65.397%±0.0%	
[[0.6587170776882708], [0.6594702658159949], [0.6525380586284463], [0.6612599186875001], [0.6553780294529998], [0.6537776247355623], [0.6528562362032384], [0.6594200609407403], [0.6674451112904397], [0.6634515421809791]]
[[0.8819875776397516], [0.9254658385093167], [0.9254658385093167], [0.937888198757764], [0.9503105590062112], [0.9813664596273292], [0.9875776397515528], [0.9751552795031055], [0.9813664596273292], [0.9937888198757764]]
[[0.6132087215214538], [0.6185354484708905], [0.6032138753473107], [0.6222727520114576], [0.6199465044819549], [0.6197592184965884], [0.6101022940792576], [0.6195157693330513], [0.6238898974694282], [0.625603880621718]]
[[0.6539745091188621], [0.6539745091188621], [0.6539745091188621], [0.6539745091188621], [0.6539745091188621], [0.6539745091188621], [0.6539745091188621], [0.6539745091188621], [0.6539745091188621], [0.6539745091188621]]
video:10
video:11 total:69.92%±0.396%	common:96.762%±3.16%	private:64.442%±0.56%	middle:69.811%±0.0%	
[[0.7044628195215059], [0.6896474232604297], [0.7038360069825399], [0.7020593418392123], [0.7002942179766719], [0.6977557854872913], [0.6975624207111086], [0.7021850082245629], [0.6987563412460529], [0.698236941582524], [0.6963748374789976]]
[[0.9383561643835616], [0.8835616438356164], [0.958904109589041], [0.9726027397260274], [0.958904109589041], [0.9794520547945206], [0.9931506849315068], [0.9931506849315068], [0.9794520547945206], [0.9931506849315068], [0.9931506849315068]]
[[0.6435850172315778], [0.6380425539308767], [0.6360499057962737], [0.6339705893107582], [0.6480854769193786], [0.6459919383620125], [0.6500522921493322], [0.6459115590739782], [0.6517849577659104], [0.6477465923877229], [0.6474114985960016]]
[[0.6981142690443111], [0.6981142690443111], [0.6981142690443111], [0.6981142690443111], [0.6981142690443111], [0.6981142690443111], [0.6981142690443111], [0.6981142690443111], [0.6981142690443111], [0.6981142690443111], [0.6981142690443111]]
video:11
video:12 total:63.313%±0.479%	common:96.257%±3.217%	private:58.485%±0.572%	middle:62.131%±0.0%	
[[0.6360350844576796], [0.635958658261429], [0.6265256971104032], [0.630203645402886], [0.6272966166291919], [0.6300550499897599], [0.6293447999473059], [0.6391502670625244], [0.6403382046261002], [0.6342049429059369], [0.6289021456251779], [0.6395744744440147]]
[[0.923728813559322], [0.8983050847457628], [0.940677966101695], [0.923728813559322], [0.9661016949152542], [0.9745762711864406], [0.9661016949152542], [0.9745762711864406], [0.9915254237288136], [1.0], [0.9915254237288136], [1.0]]
[[0.5835097116281003], [0.5813680365047718], [0.581511836246607], [0.5761848041982376], [0.586322738938887], [0.5821404739348122], [0.5913152186692117], [0.5895245666196713], [0.5958914325531622], [0.5904206757331315], [0.5830479601787091], [0.5769418611386172]]
[[0.6213126735348898], [0.6213126735348898], [0.6213126735348898], [0.6213126735348898], [0.6213126735348898], [0.6213126735348898], [0.6213126735348898], [0.6213126735348898], [0.6213126735348898], [0.6213126735348898], [0.6213126735348898], [0.6213126735348898]]
video:12
video:13 total:70.233%±0.684%	common:97.022%±2.802%	private:64.59%±0.636%	middle:70.423%±0.0%	
[[0.7020306347107546], [0.6986738484728419], [0.705108079862419], [0.6922844897330228], [0.6968255661179426], [0.6983589796510876], [0.7084669948368761], [0.6992239344520096], [0.7125140294925815], [0.7185400265774122], [0.6993293743075387], [0.699241383304771], [0.6997023608651926]]
[[0.9247311827956989], [0.946236559139785], [0.9247311827956989], [0.978494623655914], [0.946236559139785], [0.946236559139785], [1.0], [0.967741935483871], [1.0], [1.0], [0.989247311827957], [0.989247311827957], [1.0]]
[[0.6415232517491266], [0.6399964320931794], [0.6360303117364808], [0.6464744792232164], [0.6382745303470769], [0.6557839348273921], [0.6441392414506], [0.6552929503416541], [0.6523538907469983], [0.647120356086954], [0.6531433221391438], [0.6461866567781254], [0.6403487875244306]]
[[0.7042280169290333], [0.7042280169290333], [0.7042280169290333], [0.7042280169290333], [0.7042280169290333], [0.7042280169290333], [0.7042280169290333], [0.7042280169290333], [0.7042280169290333], [0.7042280169290333], [0.7042280169290333], [0.7042280169290333], [0.7042280169290333]]
video:13
video:14 total:69.59%±0.773%	common:96.781%±2.788%	private:66.244%±1.065%	middle:67.2%±0.0%	
[[0.7060297047098503], [0.684785013152304], [0.7011220148373886], [0.7046819049606038], [0.6987395274463106], [0.693534386864833], [0.7037234145365063], [0.6969967436895442], [0.696447189233931], [0.6918723344202407], [0.6984711823158196], [0.7015184325999649], [0.6839079829676953], [0.680721669490132]]
[[0.9154929577464789], [0.9436619718309859], [0.9577464788732394], [0.9154929577464789], [0.9436619718309859], [0.971830985915493], [1.0], [1.0], [0.971830985915493], [0.971830985915493], [1.0], [0.9859154929577465], [0.9859154929577465], [0.9859154929577465]]
[[0.6705354033044595], [0.6651576994414263], [0.6520968916028188], [0.6696403529670779], [0.6575669479422157], [0.6733149190502556], [0.6723924798781445], [0.6763934528680814], [0.6656001728032559], [0.6607115968113019], [0.6700307618294392], [0.653532045260176], [0.6489297823178966], [0.6381958305185287]]
[[0.6719977053833721], [0.6719977053833721], [0.6719977053833721], [0.6719977053833721], [0.6719977053833721], [0.6719977053833721], [0.6719977053833721], [0.6719977053833721], [0.6719977053833721], [0.6719977053833721], [0.6719977053833721], [0.6719977053833721], [0.6719977053833721], [0.6719977053833721]]
video:14
video:15 total:71.358%±1.034%	common:97.007%±4.272%	private:65.29%±1.277%	middle:71.002%±0.0%	
[[0.7184187802005763], [0.7197348152181371], [0.722616156620451], [0.7133454126117132], [0.7159181642631445], [0.7183247663908147], [0.7172750446773859], [0.7302519052065665], [0.7179764660348535], [0.7030197267465058], [0.7244652364486097], [0.6938580190294964], [0.7036771973554862], [0.6936220375973118], [0.7112058071042963]]
[[0.8775510204081632], [0.8571428571428571], [0.9591836734693877], [1.0], [0.9591836734693877], [0.9795918367346939], [1.0], [0.9795918367346939], [0.9795918367346939], [1.0], [0.9795918367346939], [0.9795918367346939], [1.0], [1.0], [1.0]]
[[0.6536844126538672], [0.663611464098595], [0.661595116946069], [0.6498873590447928], [0.6546737523215229], [0.6561038143298005], [0.6662515242991431], [0.6618202611296118], [0.6540750990836613], [0.6600577818845591], [0.6597192848645129], [0.6561158345893952], [0.6498572434376856], [0.6291724593093156], [0.6169354763257165]]
[[0.7100184561959324], [0.7100184561959324], [0.7100184561959324], [0.7100184561959324], [0.7100184561959324], [0.7100184561959324], [0.7100184561959324], [0.7100184561959324], [0.7100184561959324], [0.7100184561959324], [0.7100184561959324], [0.7100184561959324], [0.7100184561959324], [0.7100184561959324], [0.7100184561959324]]
video:15
video:16 total:70.891%±1.517%	common:98.707%±1.669%	private:66.351%±2.419%	middle:69.277%±0.0%	
[[0.7132350920414863], [0.6977894436962057], [0.7036286581716765], [0.7238285607040182], [0.7093541750245628], [0.7356429792068673], [0.7111775661179175], [0.7227727939136296], [0.7008608171831365], [0.7256233746679209], [0.7071239525593934], [0.7058404749983082], [0.7090412532048106], [0.6890884849748669], [0.6696122687267858], [0.7179900691519899]]
[[0.9655172413793104], [0.9655172413793104], [0.9655172413793104], [1.0], [0.9655172413793104], [1.0], [0.9655172413793104], [1.0], [0.9655172413793104], [1.0], [1.0], [1.0], [1.0], [1.0], [1.0], [1.0]]
[[0.6713765340327167], [0.6602266054377535], [0.6760527453045843], [0.6645255339654325], [0.682122348935925], [0.6750506186366987], [0.6775254123797172], [0.6845353477582081], [0.6814906535707478], [0.6747316590770174], [0.6739694399559977], [0.6657288831537151], [0.6713421467581021], [0.6507138866062987], [0.6041540118273118], [0.6026910824173446]]
[[0.6927659287566275], [0.6927659287566275], [0.6927659287566275], [0.6927659287566275], [0.6927659287566275], [0.6927659287566275], [0.6927659287566275], [0.6927659287566275], [0.6927659287566275], [0.6927659287566275], [0.6927659287566275], [0.6927659287566275], [0.6927659287566275], [0.6927659287566275], [0.6927659287566275], [0.6927659287566275]]
