video:0
video:1 total:97.222%±0.0%	common:100.0%±0.0%	private:100.0%±0.0%	middle:95.0%±0.0%	
[[0.9722222222222222]]
[[1.0]]
[[1.0]]
[[0.9500000000000001]]
video:1
video:2 total:92.382%±0.155%	common:99.861%±0.139%	private:91.322%±8.678%	middle:86.167%±0.0%	
[[0.9222619047619047], [0.9253703703703703]]
[[1.0], [0.9972222222222221]]
[[0.8264443277310924], [1.0]]
[[0.8616666666666667], [0.8616666666666667]]
video:2
video:3 total:89.841%±0.915%	common:99.783%±0.205%	private:90.126%±6.985%	middle:79.776%±0.0%	
[[0.9015616801773368], [0.8859665267074692], [0.9077084563337844]]
[[1.0], [0.9984126984126984], [0.995091093117409]]
[[0.8541295374794833], [0.8496373996373996], [1.0]]
[[0.7977585173063759], [0.7977585173063759], [0.7977585173063759]]
video:3
video:4 total:85.015%±2.624%	common:98.568%±0.491%	private:84.082%±9.292%	middle:77.397%±0.0%	
[[0.8140758092218634], [0.84035835126261], [0.8607040592116422], [0.8854431037793736]]
[[0.9845916795069338], [0.9780999651689307], [0.9900064474532559], [0.9900363303616728]]
[[0.8090678036253279], [0.7711417487939896], [0.7830565828192235], [1.0]]
[[0.7739732010351508], [0.7739732010351508], [0.7739732010351508], [0.7739732010351508]]
video:4
video:5 total:82.301%±3.014%	common:98.509%±0.382%	private:75.426%±12.301%	middle:75.261%±0.0%	
[[0.7831732413372099], [0.7951074956604769], [0.8282885156091954], [0.8443257754004477], [0.864177085887406]]
[[0.9887430380883938], [0.985514233241506], [0.9853179035060946], [0.987953812655177], [0.9779248953841857]]
[[0.682999903701079], [0.695677622169526], [0.7010463680122977], [0.6915648722116036], [1.0]]
[[0.7526137538393537], [0.7526137538393537], [0.7526137538393537], [0.7526137538393537], [0.7526137538393537]]
video:5
video:6 total:79.51%±3.516%	common:98.381%±0.921%	private:71.476%±12.856%	middle:69.562%±0.0%	
[[0.7452627504530082], [0.7624283015475523], [0.7867960359122999], [0.8030042937985389], [0.8243482341802104], [0.848758937161041]]
[[1.0], [0.9875589003303563], [0.986863372706584], [0.9719022419176856], [0.9814123252133199], [0.975113136191017]]
[[0.6682170801495011], [0.6444607438250596], [0.6872073546652206], [0.6413108387831602], [0.6473456110523644], [1.0]]
[[0.6956152109305712], [0.6956152109305712], [0.6956152109305712], [0.6956152109305712], [0.6956152109305712], [0.6956152109305712]]
video:6
video:7 total:78.829%±3.671%	common:98.811%±0.61%	private:69.95%±12.494%	middle:68.503%±0.0%	
[[0.7300743622920245], [0.7624846919279842], [0.7678459605597058], [0.7817095652179187], [0.809317466662343], [0.8186882675913119], [0.8478907835917305]]
[[0.9745003734008701], [0.9886430168192463], [0.9924751801377659], [0.9954030562399366], [0.9876348079009833], [0.989749233481293], [0.9883412350402634]]
[[0.6644434827392097], [0.6653786214499156], [0.662218505395916], [0.6051091858931681], [0.6753440827678658], [0.623986923448317], [1.0]]
[[0.6850337251335192], [0.6850337251335192], [0.6850337251335192], [0.6850337251335192], [0.6850337251335192], [0.6850337251335192], [0.6850337251335192]]
video:7
video:8 total:79.572%±3.482%	common:99.088%±0.352%	private:66.501%±13.216%	middle:70.586%±0.0%	
[[0.7369707222573334], [0.7623849908049513], [0.7723347252910601], [0.7936563173968888], [0.8037323809094151], [0.8159578685379045], [0.8323080583355404], [0.8483782126708674]]
[[0.9958628841607565], [0.9913528138528138], [0.9888929201310153], [0.9953899316546769], [0.9919991022500216], [0.9841286132903772], [0.9897973358337353], [0.9896317852172172]]
[[0.6688489946706996], [0.6627584727199015], [0.642520959499462], [0.5927371367299249], [0.5926456068846715], [0.6131686903624218], [0.5474065850755427], [1.0]]
[[0.7058601991611856], [0.7058601991611856], [0.7058601991611856], [0.7058601991611856], [0.7058601991611856], [0.7058601991611856], [0.7058601991611856], [0.7058601991611856]]
video:8
video:9 total:76.792%±3.606%	common:98.872%±0.512%	private:66.215%±12.248%	middle:67.276%±0.0%	
[[0.7156586186229109], [0.725931372124692], [0.73782960703886], [0.7556065537444571], [0.7668942677632342], [0.7761209911651402], [0.7937808497687292], [0.8150849152826104], [0.8243956777479127]]
[[0.9963122605363985], [0.9931909045477262], [0.9951443569553805], [0.9904613972429221], [0.988656825942922], [0.9816641415560778], [0.9854471693704888], [0.9853761797985633], [0.9822091808646833]]
[[0.6559598497071208], [0.6417332257869511], [0.6573292337278136], [0.6119898850900445], [0.613960069946009], [0.6030875249969923], [0.6096252953565583], [0.5656551547656505], [1.0]]
[[0.6727555027714912], [0.6727555027714912], [0.6727555027714912], [0.6727555027714912], [0.6727555027714912], [0.6727555027714912], [0.6727555027714912], [0.6727555027714912], [0.6727555027714912]]
video:9
video:10 total:76.752%±4.33%	common:98.282%±1.053%	private:65.554%±11.79%	middle:67.632%±0.0%	
[[0.6995334460008663], [0.7122669455982736], [0.725912819926763], [0.7539627169225758], [0.7576604949744895], [0.775941100641341], [0.7956175860541063], [0.8025476228833393], [0.8167900448235302], [0.8349467383400577]]
[[1.0], [0.9939393939393939], [0.9919896640826874], [0.9796156108472823], [0.9781724438557333], [0.9766739678166665], [0.9908234372722081], [0.981715802489645], [0.9654402496664608], [0.9698605419469363]]
[[0.6606145658498384], [0.6427582220397929], [0.6345123441551234], [0.6274214193886992], [0.6115368278701696], [0.6286088206185809], [0.6034519495289217], [0.5718293311008561], [0.5746879492474531], [1.0]]
[[0.6763153869815538], [0.6763153869815538], [0.6763153869815538], [0.6763153869815538], [0.6763153869815538], [0.6763153869815538], [0.6763153869815538], [0.6763153869815538], [0.6763153869815538], [0.6763153869815538]]
video:10
video:11 total:77.554%±3.562%	common:97.685%±0.99%	private:65.596%±11.206%	middle:68.428%±0.0%	
[[0.7183584887276373], [0.7310756868791839], [0.7440080273676054], [0.747706671488181], [0.7776848794753818], [0.7756166162580352], [0.7791845086019736], [0.7941195017762747], [0.80809163721792], [0.8201979215897042], [0.8349053288691973]]
[[0.9641729797979798], [0.9848379522263452], [0.9902105734767026], [0.98676844783715], [0.9918256429720113], [0.9621004440094502], [0.9730807455107134], [0.9669043692618837], [0.9763093546649284], [0.9723291421096231], [0.9767894052341507]]
[[0.6768157760078528], [0.6486020763000779], [0.639728228169018], [0.6193739335576083], [0.6098516149272597], [0.6089944130924105], [0.6211041897889161], [0.6159563847672765], [0.6118120057645003], [0.5632672280713656], [1.0]]
[[0.6842783393224905], [0.6842783393224905], [0.6842783393224905], [0.6842783393224905], [0.6842783393224905], [0.6842783393224905], [0.6842783393224905], [0.6842783393224905], [0.6842783393224905], [0.6842783393224905], [0.6842783393224905]]
video:11
video:12 total:71.964%±3.59%	common:96.877%±1.316%	private:59.734%±12.706%	middle:64.155%±0.0%	
[[0.6589201296552621], [0.6674691813660566], [0.6845059921198063], [0.7005029866364566], [0.7112021608447784], [0.7226821174107629], [0.7202777597938803], [0.7298930885548539], [0.7434476929204682], [0.7536045630141048], [0.7626353994016111], [0.7804972474154224]]
[[0.9750732111026227], [0.9926240289634245], [0.9914667666166916], [0.9651724511419931], [0.9529733872678403], [0.9823852822438759], [0.9691588604811804], [0.9623531997255059], [0.9629451674650904], [0.9596731561867081], [0.9576930972585554], [0.9537720360949248]]
[[0.6098621087988769], [0.6045985900082206], [0.586883205832075], [0.6114832111850531], [0.5875726315322374], [0.5508314017140159], [0.5323414377429055], [0.5388011188108456], [0.5309165812401228], [0.5242605696377378], [0.4904874147190467], [1.0]]
[[0.6415525669938736], [0.6415525669938736], [0.6415525669938736], [0.6415525669938736], [0.6415525669938736], [0.6415525669938736], [0.6415525669938736], [0.6415525669938736], [0.6415525669938736], [0.6415525669938736], [0.6415525669938736], [0.6415525669938736]]
video:12
video:13 total:76.69%±3.166%	common:98.467%±1.002%	private:66.634%±9.912%	middle:69.417%±0.0%	
[[0.7165512969085097], [0.7237332212375749], [0.7349256798960436], [0.7426169423138486], [0.7565933589548799], [0.7560868154155663], [0.7690056252811779], [0.772647258195814], [0.7847223064520874], [0.7778786715950113], [0.7984966117479547], [0.8131274684325804], [0.8233234808956308]]
[[0.9950819672131148], [0.9985018726591761], [1.0], [0.9782390449057116], [0.9930023976023976], [0.993384373403352], [0.978844699859156], [0.9852989851074142], [0.9822741261128085], [0.9787040613007022], [0.9731177525027442], [0.9775533954366384], [0.9666603487521104]]
[[0.6717849079014131], [0.6655413151268791], [0.666523415794589], [0.6459676997653658], [0.6617130994522108], [0.6308052492066731], [0.6390469127592115], [0.6083423640999126], [0.6433469046200633], [0.5974511789999569], [0.6261769487771833], [0.6056861982081805], [1.0]]
[[0.6941740493478942], [0.6941740493478942], [0.6941740493478942], [0.6941740493478942], [0.6941740493478942], [0.6941740493478942], [0.6941740493478942], [0.6941740493478942], [0.6941740493478942], [0.6941740493478942], [0.6941740493478942], [0.6941740493478942], [0.6941740493478942]]
video:13
video:14 total:75.71%±3.032%	common:97.52%±1.576%	private:64.961%±10.28%	middle:68.473%±0.0%	
[[0.7061110513122613], [0.7197478993808625], [0.7224154084544389], [0.7359935034147365], [0.7536371848861967], [0.7335019703035073], [0.7463857586106942], [0.7612453036747676], [0.7642113851669607], [0.7867678206044773], [0.7762701557204265], [0.7868288822481699], [0.7957294750765267], [0.8104997915675075]]
[[1.0], [1.0], [0.9899878562385346], [0.9827947476252561], [0.9922039612305099], [0.9801561209419665], [0.9613882456905712], [0.9658317085798003], [0.970425972132241], [0.9802248959783612], [0.9591929074762713], [0.9529709696760206], [0.9633210407058649], [0.9542702315465726]]
[[0.6688834592092038], [0.6566928092306171], [0.6422475187393946], [0.6618429204303012], [0.640087697907855], [0.6483673104495541], [0.6324938524808507], [0.609057966758701], [0.57559500704559], [0.6068754654682545], [0.6029125521348208], [0.6048150559016142], [0.5446247576112972], [1.0]]
[[0.6847260215521359], [0.6847260215521359], [0.6847260215521359], [0.6847260215521359], [0.6847260215521359], [0.6847260215521359], [0.6847260215521359], [0.6847260215521359], [0.6847260215521359], [0.6847260215521359], [0.6847260215521359], [0.6847260215521359], [0.6847260215521359], [0.6847260215521359]]
video:14
video:15 total:78.322%±3.056%	common:97.415%±1.155%	private:66.903%±9.433%	middle:70.497%±0.0%	
[[0.7383988907666214], [0.740319449734752], [0.7448921384318253], [0.7607803537775126], [0.7668970948870898], [0.7617311740402699], [0.7895031996581192], [0.775760408532542], [0.7868254493444772], [0.7858226911970335], [0.8030747514865103], [0.8115400545925651], [0.8152733078219977], [0.8308626690625485], [0.8366427631905182]]
[[0.9759615384615384], [0.9906462585034014], [0.9889957264957265], [0.9705230556305698], [0.9713460631777463], [0.992178932178932], [0.9864176181249352], [0.9667149410497526], [0.9824390692881533], [0.9762217179109609], [0.970461068296846], [0.966805497055497], [0.9548787832075711], [0.960702145108084], [0.9580251312766298]]
[[0.6857193221624835], [0.6726771820346807], [0.6905875086936785], [0.6552897375911829], [0.6427790460069166], [0.644712427953158], [0.6720787562424854], [0.6268624555593363], [0.6732542907041368], [0.6151917778992565], [0.6025490726700525], [0.6305379736689966], [0.5641293444094738], [0.6590906576200692], [1.0]]
[[0.7049712153052893], [0.7049712153052893], [0.7049712153052893], [0.7049712153052893], [0.7049712153052893], [0.7049712153052893], [0.7049712153052893], [0.7049712153052893], [0.7049712153052893], [0.7049712153052893], [0.7049712153052893], [0.7049712153052893], [0.7049712153052893], [0.7049712153052893], [0.7049712153052893]]
video:15
video:16 total:75.964%±3.427%	common:98.649%±1.056%	private:68.115%±9.026%	middle:68.224%±0.0%	
[[0.7095368706080639], [0.7229225981178021], [0.709572126694698], [0.7205177356071464], [0.7403570759539158], [0.7372674876967662], [0.7487121995959671], [0.7608021377674079], [0.7589241282370999], [0.765889435323011], [0.7752590847045119], [0.787486158069385], [0.7818378391379193], [0.8051517305462714], [0.8060739879356542], [0.8238892489464211]]
[[1.0], [0.9957264957264956], [1.0], [1.0], [0.9978070175438596], [0.9848484848484848], [0.9900793650793651], [0.9862233354880412], [0.9948646125116714], [0.9751754385964911], [0.9830686630369027], [0.9803759965524671], [0.9786342592592592], [0.9650478338455437], [0.9791883680555555], [0.9728530728530728]]
[[0.6528187306016289], [0.684327371356562], [0.6509742673562274], [0.6571086790201861], [0.6424700197225309], [0.6606636311724852], [0.6540022966890928], [0.6878585017576455], [0.6344002291604109], [0.694243017287745], [0.5910872950067216], [0.6251096192848372], [0.6510134524029048], [0.7690845330380213], [0.6432509157509158], [1.0]]
[[0.6822373634107818], [0.6822373634107818], [0.6822373634107818], [0.6822373634107818], [0.6822373634107818], [0.6822373634107818], [0.6822373634107818], [0.6822373634107818], [0.6822373634107818], [0.6822373634107818], [0.6822373634107818], [0.6822373634107818], [0.6822373634107818], [0.6822373634107818], [0.6822373634107818], [0.6822373634107818]]
