video:0
video:1 total:97.173%±0.0%	common:97.996%±0.0%	private:92.274%±0.0%	middle:96.944%±0.0%	
[[0.9717261904761904]]
[[0.9799643666990605]]
[[0.9227405247813412]]
[[0.9694444444444444]]
video:1
video:2 total:89.793%±0.455%	common:96.562%±0.815%	private:83.742%±1.382%	middle:85.784%±0.0%	
[[0.8933813103160929], [0.9024846132897603]]
[[0.9574647197170248], [0.9737667262717198]]
[[0.8512428774928774], [0.8235937510895066]]
[[0.8578376786194123], [0.8578376786194123]]
video:2
video:3 total:86.638%±1.952%	common:98.588%±1.954%	private:78.791%±0.361%	middle:80.384%±0.0%	
[[0.8438785361724932], [0.8637704533632163], [0.8914821549758113]]
[[0.9582509410361708], [0.9993771800123099], [1.0]]
[[0.7929342824639203], [0.7861387287758844], [0.7846525534298181]]
[[0.8038439715745106], [0.8038439715745106], [0.8038439715745106]]
video:3
video:4 total:83.316%±2.654%	common:98.824%±1.759%	private:72.021%±0.972%	middle:77.377%±0.0%	
[[0.7972604782965416], [0.8239510409729273], [0.8411074394273862], [0.8703101822713994]]
[[0.9579819278440972], [0.9999895252225428], [0.9949898989898989], [1.0]]
[[0.7359914513805527], [0.7192120430574838], [0.7097268190520323], [0.7159261964554094]]
[[0.7737700491546445], [0.7737700491546445], [0.7737700491546445], [0.7737700491546445]]
video:4
video:5 total:76.707%±3.573%	common:99.207%±1.194%	private:63.745%±0.327%	middle:70.561%±0.0%	
[[0.7226721124710246], [0.7336995417267108], [0.7696799562428414], [0.7893991894235997], [0.8199155940898607]]
[[0.9692035682607503], [0.9999953235278647], [0.9911462439768777], [1.0], [1.0]]
[[0.6424612720874617], [0.6350162376975722], [0.6379874032641909], [0.6329591625795786], [0.6388359740425795]]
[[0.7056136530324771], [0.7056136530324771], [0.7056136530324771], [0.7056136530324771], [0.7056136530324771]]
video:5
video:6 total:75.777%±4.06%	common:99.399%±0.772%	private:61.067%±1.028%	middle:66.911%±0.0%	
[[0.7033704588346522], [0.7183945394780819], [0.745184307693882], [0.7641792221791014], [0.7981227701349577], [0.8173878852717986]]
[[0.9837688522370011], [0.9824296286920156], [0.9998812435356758], [0.9986653762359031], [0.9997943175528007], [0.9993955782678208]]
[[0.6194003601448518], [0.6146043092487984], [0.6130876840731786], [0.5902923569160573], [0.6059875402404258], [0.6206483631761751]]
[[0.669106225829805], [0.669106225829805], [0.669106225829805], [0.669106225829805], [0.669106225829805], [0.669106225829805]]
video:6
video:7 total:75.726%±3.503%	common:99.26%±1.439%	private:60.32%±0.991%	middle:67.164%±0.0%	
[[0.7073898213270439], [0.7206468872174893], [0.7399470044282069], [0.7528999460717927], [0.7774895206927391], [0.7920265582160239], [0.8103946774143181]]
[[0.9576642330590672], [0.9945570040996055], [0.9992112690653316], [0.9999995638916218], [0.996758444523615], [1.0], [1.0]]
[[0.6219937198492465], [0.6065456890946711], [0.5969744501128358], [0.593746368349393], [0.6003064358549809], [0.5919119962685306], [0.6108942708122694]]
[[0.6716399035031413], [0.6716399035031413], [0.6716399035031413], [0.6716399035031413], [0.6716399035031413], [0.6716399035031413], [0.6716399035031413]]
video:7
video:8 total:74.622%±3.572%	common:99.163%±1.268%	private:60.615%±0.961%	middle:66.446%±0.0%	
[[0.6927955220251059], [0.7019589491844386], [0.7256778235609792], [0.737834545639977], [0.7606957016673033], [0.7677068238497153], [0.7838529212633276], [0.7992501517717145]]
[[0.9621531015709728], [0.9803195582670092], [0.9992286217834748], [0.996842437878342], [0.9999996640735295], [0.9999067859806116], [0.9962897270989264], [0.9983269431857789]]
[[0.6251552536424166], [0.6138022272026793], [0.6021765883118799], [0.6027136176417326], [0.5988627570584697], [0.6020690072113558], [0.5924287930236567], [0.6119786826334135]]
[[0.664456751023326], [0.664456751023326], [0.664456751023326], [0.664456751023326], [0.664456751023326], [0.664456751023326], [0.664456751023326], [0.664456751023326]]
video:8
video:9 total:71.891%±3.568%	common:99.106%±1.084%	private:57.652%±0.908%	middle:63.647%±0.0%	
[[0.662045287796547], [0.6749880085133164], [0.6899016955009682], [0.7109093445937416], [0.721887670041233], [0.7328928434587723], [0.7455231612169344], [0.7616622015301635], [0.7703922954778113]]
[[0.9627355899143524], [0.9942379802035484], [0.9918293479419904], [0.9867847202273404], [0.9905632889870155], [0.9999997893600718], [0.9993099142740135], [0.9951888162672478], [0.9989106753812635]]
[[0.5947640402794344], [0.576505902910947], [0.5772754208351776], [0.5698680349672964], [0.5689281798943918], [0.5700531104832849], [0.566906181721378], [0.5748563480750161], [0.5895217172746049]]
[[0.6364694962979304], [0.6364694962979304], [0.6364694962979304], [0.6364694962979304], [0.6364694962979304], [0.6364694962979304], [0.6364694962979304], [0.6364694962979304], [0.6364694962979304]]
video:9
video:10 total:71.855%±3.71%	common:99.543%±0.694%	private:58.683%±0.932%	middle:64.059%±0.0%	
[[0.6581426007959098], [0.6717242425103681], [0.6787779229001258], [0.7036214547774783], [0.7140273330815562], [0.7389713428410589], [0.7409161532221189], [0.7521997329375495], [0.7630335715583522], [0.7640465624376103]]
[[0.9791016234348756], [0.9997266645886494], [0.9940481628693085], [0.9854393628313487], [0.9982394366197183], [0.9993457743457743], [1.0], [1.0], [1.0], [0.9983639297017449]]
[[0.5918037751610958], [0.5937576904909891], [0.5776679856559754], [0.5902849302797599], [0.5744151424237692], [0.5822353676773232], [0.5734856033973782], [0.5848858837952935], [0.5988626396182717], [0.6008776459025825]]
[[0.640585425718743], [0.640585425718743], [0.640585425718743], [0.640585425718743], [0.640585425718743], [0.640585425718743], [0.640585425718743], [0.640585425718743], [0.640585425718743], [0.640585425718743]]
video:10
video:11 total:75.143%±3.048%	common:99.215%±1.36%	private:61.14%±0.717%	middle:68.823%±0.0%	
[[0.7000651443811625], [0.7056233909636114], [0.7232315925255249], [0.7311141895748762], [0.7496418617507449], [0.7616548755763036], [0.7638194517591882], [0.7777303618138609], [0.7768753699389094], [0.7871818776792956], [0.7887894413637323]]
[[0.9537299094558798], [0.9779468868879158], [0.9967276193522402], [0.9999989552600567], [0.9930617978114047], [1.0], [1.0], [0.9980548730548731], [1.0], [0.9955425369332656], [0.9986156714341367]]
[[0.6274866493562926], [0.613304728043313], [0.6089385563317793], [0.6009292407912864], [0.6151463382580399], [0.6031031714197316], [0.6106218019983608], [0.6040381018816604], [0.6094616429520869], [0.6160988541715523], [0.6162966075779512]]
[[0.6882327325080726], [0.6882327325080726], [0.6882327325080726], [0.6882327325080726], [0.6882327325080726], [0.6882327325080726], [0.6882327325080726], [0.6882327325080726], [0.6882327325080726], [0.6882327325080726], [0.6882327325080726]]
video:11
video:12 total:68.474%±3.108%	common:98.293%±1.948%	private:55.011%±0.761%	middle:60.911%±0.0%	
[[0.6333009062418274], [0.6399763830159044], [0.6502497874330856], [0.6632067657347701], [0.6725051111103402], [0.6908993438316416], [0.6906130522944609], [0.7011714562041589], [0.7135527227758437], [0.7118649053518438], [0.7213064035254546], [0.7282520015972315]]
[[0.9231326639057914], [0.9878299212234913], [0.9842500273113508], [0.9947217708925015], [0.974888299888467], [0.9977480582665209], [0.996455225327252], [0.9999925843529848], [0.986927261927262], [0.9877359502359501], [0.9825739145400731], [0.9789574566690656]]
[[0.5653707281338124], [0.564789193047556], [0.5488215864162005], [0.5444226713710157], [0.5463857172104835], [0.5418820805089748], [0.5487532774375442], [0.54848478338999], [0.55658714399831], [0.5478548369508541], [0.5423968228883469], [0.5455982508176976]]
[[0.6091098099373149], [0.6091098099373149], [0.6091098099373149], [0.6091098099373149], [0.6091098099373149], [0.6091098099373149], [0.6091098099373149], [0.6091098099373149], [0.6091098099373149], [0.6091098099373149], [0.6091098099373149], [0.6091098099373149]]
video:12
video:13 total:75.019%±3.212%	common:99.538%±0.837%	private:61.128%±0.717%	middle:69.338%±0.0%	
[[0.6936705539262312], [0.7010822771133693], [0.7211992608889481], [0.7214296916617702], [0.7335248559217554], [0.7470602895075533], [0.7592187363662108], [0.7557559608392507], [0.7790798088109615], [0.7840280511856644], [0.7840393627881723], [0.789691886124865], [0.7826518275360322]]
[[0.9818639896537122], [0.9714814568244906], [0.9961175511971623], [0.995760793454385], [1.0], [0.9997013509976297], [0.9967382154882156], [1.0], [0.9988179669030731], [1.0], [1.0], [0.9999491559894245], [0.9995496673349024]]
[[0.6288419514298962], [0.6149633042381879], [0.6126147075409658], [0.6116499121284417], [0.6047421261346937], [0.6123367138276181], [0.5976360692699046], [0.6166892344144101], [0.6057276313993692], [0.6137391667288549], [0.6101725158221563], [0.6129002404893876], [0.6046592439821724]]
[[0.6933836976679917], [0.6933836976679917], [0.6933836976679917], [0.6933836976679917], [0.6933836976679917], [0.6933836976679917], [0.6933836976679917], [0.6933836976679917], [0.6933836976679917], [0.6933836976679917], [0.6933836976679917], [0.6933836976679917], [0.6933836976679917]]
video:13
video:14 total:73.491%±2.442%	common:99.064%±0.963%	private:61.86%±1.155%	middle:65.901%±0.0%	
[[0.6986904693271981], [0.687941473562784], [0.7008808654228839], [0.7237432888098203], [0.7216939333950131], [0.7264619927179428], [0.7399491934077177], [0.7469613319022713], [0.7494487205652867], [0.7553280229091631], [0.7607898094873922], [0.7669831003533192], [0.7560805671395604], [0.7537794878859109]]
[[0.9610889042007039], [0.9821028763511468], [0.9832415896978146], [0.9976746959913156], [0.9925387118029816], [0.9899139729143005], [0.9967842095306885], [0.9911826599326599], [1.0], [0.9987834549878344], [0.9951338199513381], [0.9956855791962174], [0.9925077286779416], [0.992293138097334]]
[[0.6404224671395632], [0.6303535964555002], [0.6260141917486195], [0.6266472762990696], [0.6202396629327979], [0.6279967700413346], [0.6109104379922122], [0.6256333839706671], [0.606273371040165], [0.6120432951832621], [0.613811110852974], [0.6193535957564918], [0.5953547041407713], [0.6054160216918432]]
[[0.6590123006147257], [0.6590123006147257], [0.6590123006147257], [0.6590123006147257], [0.6590123006147257], [0.6590123006147257], [0.6590123006147257], [0.6590123006147257], [0.6590123006147257], [0.6590123006147257], [0.6590123006147257], [0.6590123006147257], [0.6590123006147257], [0.6590123006147257]]
video:14
video:15 total:74.823%±2.001%	common:98.577%±2.12%	private:61.655%±1.503%	middle:69.721%±0.0%	
[[0.7129524548612237], [0.7162184926996368], [0.719167032021908], [0.7264633754988482], [0.7360410646144229], [0.7471626330672224], [0.7535480820594977], [0.7586464803947387], [0.7592702685070477], [0.7581708721183742], [0.7750266518911573], [0.7701046988909068], [0.7630685205018564], [0.7657656708700046], [0.7619025108105414]]
[[0.9232312028728256], [0.9628099591537873], [0.9945875795802117], [0.9878304375593476], [0.98896616169477], [0.9995709995709995], [1.0], [0.9979508196721312], [0.9993224932249323], [0.9994108737244898], [1.0], [1.0], [0.9987654320987653], [0.9706142605190226], [0.9635023047265614]]
[[0.6381418992448382], [0.6396611991862753], [0.6363261818269023], [0.6256914774952057], [0.6280559767168062], [0.6122552057002958], [0.6207105495843852], [0.6161193257443665], [0.6063605791247828], [0.6157468548088761], [0.6065815983484718], [0.6100044662327756], [0.6103256080816971], [0.6004359847590662], [0.5819045389815959]]
[[0.6972069681017697], [0.6972069681017697], [0.6972069681017697], [0.6972069681017697], [0.6972069681017697], [0.6972069681017697], [0.6972069681017697], [0.6972069681017697], [0.6972069681017697], [0.6972069681017697], [0.6972069681017697], [0.6972069681017697], [0.6972069681017697], [0.6972069681017697], [0.6972069681017697]]
video:15
video:16 total:73.846%±2.147%	common:98.955%±1.415%	private:63.075%±1.864%	middle:67.384%±0.0%	
[[0.7013795973063917], [0.7063448777883975], [0.7009975022288052], [0.7259914062511174], [0.7277813669649545], [0.7330833455098927], [0.7299892097481813], [0.7429151144847757], [0.7383923758135992], [0.7681932211797862], [0.7512835871413579], [0.7570770056304322], [0.7517434590882367], [0.7578343820707831], [0.7511663654937902], [0.7711101131023881]]
[[0.9989272465233169], [0.9773691068512903], [1.0], [0.9606062173106517], [1.0], [1.0], [1.0], [1.0], [0.9677953059104715], [1.0], [0.994020794020794], [0.9995833333333334], [0.9639322603793447], [1.0], [0.9790954640343172], [0.991436925647452]]
[[0.6453533758805629], [0.635375324412376], [0.6306579319421955], [0.6325819833509723], [0.6254069133250597], [0.6542171384938881], [0.613228120624629], [0.6356044515875949], [0.6563352297991923], [0.6496098994990805], [0.6328441115345641], [0.6377788838917111], [0.641485202850689], [0.6160028597433732], [0.5847092390600398], [0.6008166247974819]]
[[0.6738372948863038], [0.6738372948863038], [0.6738372948863038], [0.6738372948863038], [0.6738372948863038], [0.6738372948863038], [0.6738372948863038], [0.6738372948863038], [0.6738372948863038], [0.6738372948863038], [0.6738372948863038], [0.6738372948863038], [0.6738372948863038], [0.6738372948863038], [0.6738372948863038], [0.6738372948863038]]
